5.3819214e-02 -2.3351531e-02
5.3165033e-02 -2.2455483e-02
5.2508627e-02 -2.3351531e-02
5.0709523e-02 -2.4109421e-02
4.8910126e-02 -2.4867283e-02
4.8790450e-02 -2.6228405e-02
4.8908798e-02 -2.5937803e-02
5.0655854e-02 -2.5908294e-02
4.8908798e-02 -2.5937803e-02
4.8789759e-02 -2.6763635e-02
4.8670692e-02 -2.7589431e-02
4.8039255e-02 -2.6763635e-02
4.8672840e-02 -2.5937803e-02
4.8790857e-02 -2.5908294e-02
4.8908873e-02 -2.5878785e-02
4.8790857e-02 -2.5908294e-02
4.8908873e-02 -2.5878785e-02
4.8790857e-02 -2.5908294e-02
4.8908873e-02 -2.5878785e-02
4.8790857e-02 -2.5908294e-02
4.8908798e-02 -2.5937803e-02
4.8790077e-02 -2.6519082e-02
4.8671870e-02 -2.6696014e-02
4.8039082e-02 -2.6898179e-02
4.7406259e-02 -2.7100343e-02
4.8038500e-02 -2.7344889e-02
4.7405626e-02 -2.7589431e-02
4.7325551e-02 -2.7838915e-02
4.7405626e-02 -2.7589431e-02
4.7326195e-02 -2.7344889e-02
4.7246128e-02 -2.7589431e-02
4.7063247e-02 -2.7344889e-02
4.7246759e-02 -2.7100343e-02
4.7063247e-02 -2.7344889e-02
4.6880358e-02 -2.7100343e-02
4.6670397e-02 -2.7344889e-02
4.6460431e-02 -2.7589431e-02
4.4820118e-02 -2.7838915e-02
4.3179583e-02 -2.8088396e-02
4.1630677e-02 -2.9393755e-02
4.3179583e-02 -2.8088396e-02
4.1630677e-02 -2.9393755e-02
4.0081619e-02 -3.0699014e-02
3.9630175e-02 -3.1705119e-02
3.9181202e-02 -3.0699014e-02
3.9632480e-02 -2.9812827e-02
3.9181202e-02 -3.0699014e-02
3.8711576e-02 -3.1705119e-02
3.9181202e-02 -3.0699014e-02
3.9632480e-02 -2.9812827e-02
4.0083735e-02 -2.8926593e-02
4.1631744e-02 -2.8507499e-02
4.3179583e-02 -2.8088396e-02
4.1631744e-02 -2.8507499e-02
4.0083735e-02 -2.8926593e-02
4.1631744e-02 -2.8507499e-02
4.3179583e-02 -2.8088396e-02
4.4359078e-02 -2.7838915e-02
4.3179583e-02 -2.8088396e-02
4.1631744e-02 -2.8507499e-02
4.3179583e-02 -2.8088396e-02
4.1631744e-02 -2.8507499e-02
4.0083735e-02 -2.8926593e-02
3.9632480e-02 -2.9812827e-02
3.9181202e-02 -3.0699014e-02
3.8711576e-02 -3.1705119e-02
3.8241924e-02 -3.2711161e-02
3.6382874e-02 -3.5943000e-02
3.4523625e-02 -3.9174088e-02
3.2622759e-02 -3.9586600e-02
3.0721713e-02 -3.9999099e-02
2.9581533e-02 -4.0756871e-02
2.8441330e-02 -4.1514595e-02
2.8407106e-02 -4.1887857e-02
2.8372878e-02 -4.2261108e-02
2.8061564e-02 -4.3431958e-02
2.7750237e-02 -4.4602690e-02
2.5932378e-02 -4.5706582e-02
2.7750237e-02 -4.4602690e-02
2.5932378e-02 -4.5706582e-02
2.4114498e-02 -4.6810364e-02
2.3813612e-02 -4.8110413e-02
2.4114498e-02 -4.6810364e-02
2.3813612e-02 -4.8110413e-02
2.3512718e-02 -4.9410300e-02
2.2224741e-02 -4.9928770e-02
2.3512718e-02 -4.9410300e-02
2.2224741e-02 -4.9928770e-02
2.3512718e-02 -4.9410300e-02
2.3813612e-02 -4.8110413e-02
2.4114498e-02 -4.6810364e-02
2.5932378e-02 -4.5706582e-02
2.7750237e-02 -4.4602690e-02
2.5932378e-02 -4.5706582e-02
2.7750237e-02 -4.4602690e-02
2.5932378e-02 -4.5706582e-02
2.4114498e-02 -4.6810364e-02
2.3813612e-02 -4.8110413e-02
2.3512718e-02 -4.9410300e-02
2.2224741e-02 -4.9928770e-02
2.0936751e-02 -5.0447212e-02
2.0796082e-02 -5.1572879e-02
2.0655403e-02 -5.2698415e-02
2.0796082e-02 -5.1572879e-02
2.0936751e-02 -5.0447212e-02
2.0796082e-02 -5.1572879e-02
2.0936751e-02 -5.0447212e-02
2.2224741e-02 -4.9928770e-02
2.3512718e-02 -4.9410300e-02
2.2224741e-02 -4.9928770e-02
2.3512718e-02 -4.9410300e-02
2.3813612e-02 -4.8110413e-02
2.3512718e-02 -4.9410300e-02
2.3813612e-02 -4.8110413e-02
2.4114498e-02 -4.6810364e-02
2.5932378e-02 -4.5706582e-02
2.7750237e-02 -4.4602690e-02
2.8061564e-02 -4.3431958e-02
2.8372878e-02 -4.2261108e-02
2.8061564e-02 -4.3431958e-02
2.8372878e-02 -4.2261108e-02
2.8407106e-02 -4.1887857e-02
2.8372878e-02 -4.2261108e-02
2.8061564e-02 -4.3431958e-02
2.8372878e-02 -4.2261108e-02
2.8407106e-02 -4.1887857e-02
2.8441330e-02 -4.1514595e-02
2.9581533e-02 -4.0756871e-02
2.8441330e-02 -4.1514595e-02
2.8407106e-02 -4.1887857e-02
2.8372878e-02 -4.2261108e-02
2.8061564e-02 -4.3431958e-02
2.7750237e-02 -4.4602690e-02
2.5932378e-02 -4.5706582e-02
2.4114498e-02 -4.6810364e-02
2.3813612e-02 -4.8110413e-02
2.4114498e-02 -4.6810364e-02
2.3813612e-02 -4.8110413e-02
2.3512718e-02 -4.9410300e-02
2.2224741e-02 -4.9928770e-02
2.3512718e-02 -4.9410300e-02
2.2224741e-02 -4.9928770e-02
2.0936751e-02 -5.0447212e-02
2.0796082e-02 -5.1572879e-02
2.0934319e-02 -5.2698415e-02
2.0794620e-02 -5.2917583e-02
2.0654923e-02 -5.3136746e-02
2.0794620e-02 -5.2917583e-02
2.0654923e-02 -5.3136746e-02
1.9425746e-02 -5.3869174e-02
1.8196597e-02 -5.4601544e-02
1.7871690e-02 -5.4639413e-02
1.8196597e-02 -5.4601544e-02
1.9425746e-02 -5.3869174e-02
1.9010254e-02 -5.3136746e-02
1.9832833e-02 -5.2917583e-02
2.0655403e-02 -5.2698415e-02
1.9832833e-02 -5.2917583e-02
2.0655403e-02 -5.2698415e-02
1.9832833e-02 -5.2917583e-02
2.0655403e-02 -5.2698415e-02
2.0795513e-02 -5.2100659e-02
2.0655403e-02 -5.2698415e-02
1.9833684e-02 -5.2100659e-02
1.9011881e-02 -5.1502865e-02
1.9834836e-02 -5.0975053e-02
2.0657802e-02 -5.0447212e-02
2.0797819e-02 -4.9928770e-02
2.0937835e-02 -4.9410300e-02
2.0797819e-02 -4.9928770e-02
2.0657802e-02 -5.0447212e-02
1.9835883e-02 -4.9928770e-02
2.0658873e-02 -4.9410300e-02
2.0798667e-02 -4.9105790e-02
2.0938462e-02 -4.8801271e-02
2.1097192e-02 -4.9105790e-02
2.1255913e-02 -4.9410300e-02
2.2208040e-02 -4.9105790e-02
2.1255913e-02 -4.9410300e-02
2.1096331e-02 -4.9928770e-02
2.1254812e-02 -5.0447212e-02
2.2207135e-02 -4.9928770e-02
2.3159460e-02 -4.9410300e-02
2.3336440e-02 -4.9105790e-02
2.3512718e-02 -4.9410300e-02
2.3335489e-02 -4.9928770e-02
2.3511500e-02 -5.0447212e-02
2.3811488e-02 -4.9928770e-02
2.3511500e-02 -5.0447212e-02
2.3811488e-02 -4.9928770e-02
2.4111481e-02 -4.9410300e-02
2.4988433e-02 -4.9105790e-02
2.5864596e-02 -4.9410300e-02
2.4987414e-02 -4.9928770e-02
2.5864596e-02 -4.9410300e-02
2.6804706e-02 -4.9105790e-02
2.5864596e-02 -4.9410300e-02
2.6804706e-02 -4.9105790e-02
2.5864596e-02 -4.9410300e-02
2.6804706e-02 -4.9105790e-02
2.7744795e-02 -4.8801271e-02
2.6804706e-02 -4.9105790e-02
2.7744795e-02 -4.8801271e-02
2.8054711e-02 -4.8731573e-02
2.7744795e-02 -4.8801271e-02
2.8054711e-02 -4.8731573e-02
2.7744795e-02 -4.8801271e-02
2.6804706e-02 -4.9105790e-02
2.5864596e-02 -4.9410300e-02
2.6804706e-02 -4.9105790e-02
2.5864596e-02 -4.9410300e-02
2.4987861e-02 -4.9568963e-02
2.4111102e-02 -4.9727622e-02
2.3811299e-02 -5.0087424e-02
2.3511500e-02 -5.0447212e-02
2.3811299e-02 -5.0087424e-02
2.3511500e-02 -5.0447212e-02
2.3334256e-02 -5.0975053e-02
2.3157014e-02 -5.1502865e-02
2.2204673e-02 -5.2100659e-02
2.1252343e-02 -5.2698415e-02
2.1093112e-02 -5.2895509e-02
2.0933882e-02 -5.3092598e-02
2.0794403e-02 -5.3114672e-02
2.0933882e-02 -5.3092598e-02
2.0794645e-02 -5.2895509e-02
2.0934319e-02 -5.2698415e-02
2.0794645e-02 -5.2895509e-02
2.0654972e-02 -5.3092598e-02
2.0076279e-02 -5.3114672e-02
1.9497575e-02 -5.3136746e-02
1.9253161e-02 -5.3869174e-02
1.9008753e-02 -5.4601544e-02
1.8931774e-02 -5.4639413e-02
1.8854795e-02 -5.4677282e-02
1.8525565e-02 -5.4770684e-02
1.8196335e-02 -5.4864084e-02
1.7871458e-02 -5.4876973e-02
1.7546577e-02 -5.4889863e-02
1.6989639e-02 -5.5457407e-02
1.6432720e-02 -5.6024917e-02
1.5988035e-02 -5.6783471e-02
1.5543373e-02 -5.7541959e-02
1.4141307e-02 -5.8568844e-02
1.2739340e-02 -5.9595605e-02
1.2379401e-02 -6.0006596e-02
1.2019474e-02 -6.0417565e-02
1.0828460e-02 -6.0619947e-02
9.6374441e-03 -6.0822324e-02
9.0939006e-03 -6.2015958e-02
9.6374441e-03 -6.0822324e-02
9.0939006e-03 -6.2015958e-02
9.6374441e-03 -6.0822324e-02
9.0939006e-03 -6.2015958e-02
8.5506874e-03 -6.2712008e-02
9.0940407e-03 -6.1767221e-02
9.6374441e-03 -6.0822324e-02
9.0940407e-03 -6.1767221e-02
9.6374441e-03 -6.0822324e-02
9.0940407e-03 -6.1767221e-02
8.5506874e-03 -6.2712008e-02
9.0940407e-03 -6.1767221e-02
9.6374441e-03 -6.0822324e-02
1.0828460e-02 -6.0619947e-02
1.2019474e-02 -6.0417565e-02
1.2379401e-02 -6.0006596e-02
1.2739340e-02 -5.9595605e-02
1.2379401e-02 -6.0006596e-02
1.2739340e-02 -5.9595605e-02
1.2379401e-02 -6.0006596e-02
1.2019474e-02 -6.0417565e-02
1.0828460e-02 -6.0619947e-02
9.6374441e-03 -6.0822324e-02
1.0828460e-02 -6.0619947e-02
9.6374441e-03 -6.0822324e-02
9.0940407e-03 -6.1767221e-02
8.5506874e-03 -6.2712008e-02
9.0940407e-03 -6.1767221e-02
9.6374441e-03 -6.0822324e-02
9.0940407e-03 -6.1767221e-02
8.5506874e-03 -6.2712008e-02
8.2217013e-03 -6.2960716e-02
7.8927232e-03 -6.3209416e-02
8.2217013e-03 -6.2960716e-02
7.8927232e-03 -6.3209416e-02
8.2217013e-03 -6.2960716e-02
8.5506874e-03 -6.2712008e-02
8.2217013e-03 -6.2960716e-02
7.8927232e-03 -6.3209416e-02
6.8695668e-03 -6.3347708e-02
7.8927232e-03 -6.3209416e-02
6.8695668e-03 -6.3347708e-02
7.8927232e-03 -6.3209416e-02
8.2217013e-03 -6.2960716e-02
7.8927232e-03 -6.3209416e-02
8.2217013e-03 -6.2960716e-02
7.8927232e-03 -6.3209416e-02
6.8695668e-03 -6.3347708e-02
5.8464138e-03 -6.3485998e-02
5.6550610e-03 -6.3689690e-02
5.8464138e-03 -6.3485998e-02
5.6550610e-03 -6.3689690e-02
5.4637124e-03 -6.3893376e-02
5.6550610e-03 -6.3689690e-02
5.4637124e-03 -6.3893376e-02
5.6550610e-03 -6.3689690e-02
5.8464138e-03 -6.3485998e-02
6.8695668e-03 -6.3347708e-02
7.8927232e-03 -6.3209416e-02
8.2217013e-03 -6.2960716e-02
8.5506874e-03 -6.2712008e-02
9.0940407e-03 -6.1767221e-02
9.6374441e-03 -6.0822324e-02
9.0940407e-03 -6.1767221e-02
8.5506874e-03 -6.2712008e-02
9.0940407e-03 -6.1767221e-02
9.6374441e-03 -6.0822324e-02
1.0828460e-02 -6.0619947e-02
9.6374441e-03 -6.0822324e-02
9.0940407e-03 -6.1767221e-02
8.5506874e-03 -6.2712008e-02
8.2217013e-03 -6.2960716e-02
8.5506874e-03 -6.2712008e-02
9.0940407e-03 -6.1767221e-02
9.6374441e-03 -6.0822324e-02
1.0828460e-02 -6.0619947e-02
1.2019474e-02 -6.0417565e-02
1.2022736e-02 -6.0006596e-02
1.2025995e-02 -5.9595605e-02
1.2383421e-02 -5.8568844e-02
1.2740874e-02 -5.7541959e-02
1.2383421e-02 -5.8568844e-02
1.2740874e-02 -5.7541959e-02
1.4142765e-02 -5.6783471e-02
1.5544713e-02 -5.6024917e-02
1.5685669e-02 -5.5457407e-02
1.5826627e-02 -5.4889863e-02
1.5685669e-02 -5.5457407e-02
1.5826627e-02 -5.4889863e-02
1.6130204e-02 -5.4876973e-02
1.6433778e-02 -5.4864084e-02
1.6130204e-02 -5.4876973e-02
1.6433778e-02 -5.4864084e-02
1.6130204e-02 -5.4876973e-02
1.5826627e-02 -5.4889863e-02
1.6130204e-02 -5.4876973e-02
1.6433778e-02 -5.4864084e-02
1.6990280e-02 -5.4773011e-02
1.7546777e-02 -5.4681937e-02
1.7871651e-02 -5.4679610e-02
1.8196521e-02 -5.4677282e-02
1.8525698e-02 -5.4639413e-02
1.8196521e-02 -5.4677282e-02
1.8525698e-02 -5.4639413e-02
1.8854873e-02 -5.4601544e-02
1.8525698e-02 -5.4639413e-02
1.8854873e-02 -5.4601544e-02
1.8525698e-02 -5.4639413e-02
1.8196521e-02 -5.4677282e-02
1.7871651e-02 -5.4679610e-02
1.7546777e-02 -5.4681937e-02
1.6990280e-02 -5.4773011e-02
1.6433778e-02 -5.4864084e-02
1.6130204e-02 -5.4876973e-02
1.5826627e-02 -5.4889863e-02
1.5685669e-02 -5.5457407e-02
1.5544713e-02 -5.6024917e-02
1.4142765e-02 -5.6783471e-02
1.5544713e-02 -5.6024917e-02
1.5685669e-02 -5.5457407e-02
1.5544713e-02 -5.6024917e-02
1.4142765e-02 -5.6783471e-02
1.5544713e-02 -5.6024917e-02
1.4142765e-02 -5.6783471e-02
1.2740874e-02 -5.7541959e-02
1.4142765e-02 -5.6783471e-02
1.2740874e-02 -5.7541959e-02
1.2383421e-02 -5.8568844e-02
1.2025995e-02 -5.9595605e-02
1.2383421e-02 -5.8568844e-02
1.2740874e-02 -5.7541959e-02
1.2383421e-02 -5.8568844e-02
1.2740874e-02 -5.7541959e-02
1.4142765e-02 -5.6783471e-02
1.5544713e-02 -5.6024917e-02
1.4142765e-02 -5.6783471e-02
1.2740874e-02 -5.7541959e-02
1.4142765e-02 -5.6783471e-02
1.2740874e-02 -5.7541959e-02
1.4142765e-02 -5.6783471e-02
1.2740874e-02 -5.7541959e-02
1.4142765e-02 -5.6783471e-02
1.2740874e-02 -5.7541959e-02
1.4142765e-02 -5.6783471e-02
1.2740874e-02 -5.7541959e-02
1.4142765e-02 -5.6783471e-02
1.5544713e-02 -5.6024917e-02
1.4142765e-02 -5.6783471e-02
1.5544713e-02 -5.6024917e-02
1.4142765e-02 -5.6783471e-02
1.5544713e-02 -5.6024917e-02
1.5544713e-02 -5.6024917e-02
1.5685669e-02 -5.5457407e-02
1.5826627e-02 -5.4889863e-02
1.5685669e-02 -5.5457407e-02
1.5826627e-02 -5.4889863e-02
1.6130204e-02 -5.4876973e-02
1.6433778e-02 -5.4864084e-02
1.6990280e-02 -5.4773011e-02
1.7546777e-02 -5.4681937e-02
1.6990280e-02 -5.4773011e-02
1.7546777e-02 -5.4681937e-02
1.6990280e-02 -5.4773011e-02
1.7546777e-02 -5.4681937e-02
1.6990367e-02 -5.4679610e-02
1.7546781e-02 -5.4677282e-02
1.7871690e-02 -5.4639413e-02
1.8196597e-02 -5.4601544e-02
1.8500395e-02 -5.3869174e-02
1.8804203e-02 -5.3136746e-02
1.8830305e-02 -5.3114672e-02
1.8856406e-02 -5.3092598e-02
1.8933551e-02 -5.2895509e-02
1.9010696e-02 -5.2698415e-02
1.9254794e-02 -5.2272241e-02
1.9498897e-02 -5.1846048e-02
1.9254794e-02 -5.2272241e-02
1.9498897e-02 -5.1846048e-02
2.0077795e-02 -5.1674458e-02
2.0656690e-02 -5.1502865e-02
2.0796720e-02 -5.0975053e-02
2.0656690e-02 -5.1502865e-02
2.0419666e-02 -5.0975053e-02
2.0657802e-02 -5.0447212e-02
2.0797498e-02 -5.0236676e-02
2.0937194e-02 -5.0026136e-02
2.1096291e-02 -4.9967353e-02
2.1255387e-02 -4.9908570e-02
2.1380031e-02 -4.9818097e-02
2.1504676e-02 -4.9727622e-02
2.1861650e-02 -4.9568963e-02
2.2218624e-02 -4.9410300e-02
2.1861650e-02 -4.9568963e-02
2.1504676e-02 -4.9727622e-02
2.1380031e-02 -4.9818097e-02
2.1504676e-02 -4.9727622e-02
2.1861650e-02 -4.9568963e-02
2.2218624e-02 -4.9410300e-02
2.1861650e-02 -4.9568963e-02
2.2218624e-02 -4.9410300e-02
2.2240878e-02 -4.9410300e-02
2.2263131e-02 -4.9410300e-02
2.2711530e-02 -4.9204757e-02
2.3159929e-02 -4.8999209e-02
2.3336675e-02 -4.8900241e-02
2.3513422e-02 -4.8801271e-02
2.3812895e-02 -4.8731573e-02
2.4112202e-02 -4.8801271e-02
2.4122163e-02 -4.8731573e-02
2.4132123e-02 -4.8661876e-02
2.4122163e-02 -4.8731573e-02
2.4132123e-02 -4.8661876e-02
2.4122163e-02 -4.8731573e-02
2.4112202e-02 -4.8801271e-02
2.4122163e-02 -4.8731573e-02
2.4132123e-02 -4.8661876e-02
2.4456045e-02 -4.8393439e-02
2.4132123e-02 -4.8661876e-02
2.4122163e-02 -4.8731573e-02
2.4132123e-02 -4.8661876e-02
2.4456045e-02 -4.8393439e-02
2.4779968e-02 -4.8124995e-02
2.4457130e-02 -4.7467700e-02
2.4781515e-02 -4.6810364e-02
2.5067102e-02 -4.6794699e-02
2.4781515e-02 -4.6810364e-02
2.5067102e-02 -4.6794699e-02
2.5352686e-02 -4.6779035e-02
2.5610673e-02 -4.6450081e-02
2.5868661e-02 -4.6121116e-02
2.5947533e-02 -4.5811493e-02
2.6026405e-02 -4.5501862e-02
2.6253164e-02 -4.5052285e-02
2.6479924e-02 -4.4602690e-02
2.6548325e-02 -4.4426519e-02
2.6616726e-02 -4.4250345e-02
2.6783781e-02 -4.4039948e-02
2.6950836e-02 -4.3829547e-02
2.7351297e-02 -4.3594302e-02
2.7751755e-02 -4.3359051e-02
2.7351297e-02 -4.3594302e-02
2.7751755e-02 -4.3359051e-02
2.7762483e-02 -4.2995641e-02
2.7751755e-02 -4.3359051e-02
2.7762483e-02 -4.2995641e-02
2.7773207e-02 -4.2632220e-02
2.7939859e-02 -4.2446665e-02
2.8106510e-02 -4.2261108e-02
2.8116208e-02 -4.2250697e-02
2.8106510e-02 -4.2261108e-02
2.7939859e-02 -4.2446665e-02
2.7773207e-02 -4.2632220e-02
2.7762483e-02 -4.2995641e-02
2.7773207e-02 -4.2632220e-02
2.7939859e-02 -4.2446665e-02
2.8106510e-02 -4.2261108e-02
2.8116208e-02 -4.2250697e-02
2.8106510e-02 -4.2261108e-02
2.8116208e-02 -4.2250697e-02
2.8106510e-02 -4.2261108e-02
2.8116208e-02 -4.2250697e-02
2.8106510e-02 -4.2261108e-02
2.8116208e-02 -4.2250697e-02
2.8106510e-02 -4.2261108e-02
2.7940090e-02 -4.2250697e-02
2.8106535e-02 -4.2240287e-02
2.7940090e-02 -4.2250697e-02
2.7773645e-02 -4.2261108e-02
2.7763134e-02 -4.2446665e-02
2.7752623e-02 -4.2632220e-02
2.7352006e-02 -4.2995641e-02
2.7752623e-02 -4.2632220e-02
2.7763134e-02 -4.2446665e-02
2.7773645e-02 -4.2261108e-02
2.7940090e-02 -4.2250697e-02
2.7773645e-02 -4.2261108e-02
2.7940090e-02 -4.2250697e-02
2.7773645e-02 -4.2261108e-02
2.7763134e-02 -4.2446665e-02
2.7773645e-02 -4.2261108e-02
2.7940090e-02 -4.2250697e-02
2.7773645e-02 -4.2261108e-02
2.7940090e-02 -4.2250697e-02
2.8106535e-02 -4.2240287e-02
2.7940090e-02 -4.2250697e-02
2.7773645e-02 -4.2261108e-02
2.7940090e-02 -4.2250697e-02
2.8106535e-02 -4.2240287e-02
2.8116585e-02 -4.1932295e-02
2.8126632e-02 -4.1624296e-02
2.8250188e-02 -4.1579297e-02
2.8373743e-02 -4.1534299e-02
2.8407536e-02 -4.1524447e-02
2.8373743e-02 -4.1534299e-02
2.8407536e-02 -4.1524447e-02
2.8441330e-02 -4.1514595e-02
2.8585694e-02 -4.1426834e-02
2.8730058e-02 -4.1339073e-02
2.9075721e-02 -4.0967321e-02
2.9421382e-02 -4.0595557e-02
2.9075721e-02 -4.0967321e-02
2.9421382e-02 -4.0595557e-02
3.0071478e-02 -4.0359948e-02
2.9421382e-02 -4.0595557e-02
3.0071478e-02 -4.0359948e-02
3.0721559e-02 -4.0124334e-02
3.0071478e-02 -4.0359948e-02
2.9421382e-02 -4.0595557e-02
2.9075721e-02 -4.0967321e-02
2.9421382e-02 -4.0595557e-02
2.9075721e-02 -4.0967321e-02
2.8730058e-02 -4.1339073e-02
2.9075721e-02 -4.0967321e-02
2.9421382e-02 -4.0595557e-02
3.0071478e-02 -4.0359948e-02
2.9421382e-02 -4.0595557e-02
2.9075721e-02 -4.0967321e-02
2.8730058e-02 -4.1339073e-02
2.9075721e-02 -4.0967321e-02
2.8730058e-02 -4.1339073e-02
2.9075721e-02 -4.0967321e-02
2.9421382e-02 -4.0595557e-02
2.9075721e-02 -4.0967321e-02
2.9421382e-02 -4.0595557e-02
3.0071478e-02 -4.0359948e-02
3.0721559e-02 -4.0124334e-02
3.0071478e-02 -4.0359948e-02
3.0721559e-02 -4.0124334e-02
3.0721636e-02 -4.0061716e-02
3.0721713e-02 -3.9999099e-02
3.0865198e-02 -3.9586600e-02
3.0721713e-02 -3.9999099e-02
3.0865198e-02 -3.9586600e-02
3.1008682e-02 -3.9174088e-02
3.1080801e-02 -3.9096490e-02
3.1152919e-02 -3.9018892e-02
3.1317153e-02 -3.8859832e-02
3.1481387e-02 -3.8700770e-02
3.1317153e-02 -3.8859832e-02
3.1152919e-02 -3.9018892e-02
3.1080801e-02 -3.9096490e-02
3.1008870e-02 -3.9018892e-02
3.1081087e-02 -3.8859832e-02
3.1153304e-02 -3.8700770e-02
3.1081087e-02 -3.8859832e-02
3.1153304e-02 -3.8700770e-02
3.1081087e-02 -3.8859832e-02
3.1153304e-02 -3.8700770e-02
3.1081087e-02 -3.8859832e-02
3.1153304e-02 -3.8700770e-02
3.1317436e-02 -3.8626711e-02
3.1481567e-02 -3.8552651e-02
3.1833601e-02 -3.8497621e-02
3.1481567e-02 -3.8552651e-02
3.1833601e-02 -3.8497621e-02
3.1481700e-02 -3.8442590e-02
3.1317592e-02 -3.8497621e-02
3.1153482e-02 -3.8552651e-02
3.1317592e-02 -3.8497621e-02
3.1481700e-02 -3.8442590e-02
3.1317592e-02 -3.8497621e-02
3.1481700e-02 -3.8442590e-02
3.1833718e-02 -3.8401647e-02
3.2185730e-02 -3.8360703e-02
3.2241311e-02 -3.8091542e-02
3.2185730e-02 -3.8360703e-02
3.2241311e-02 -3.8091542e-02
3.2296890e-02 -3.7822375e-02
3.2241311e-02 -3.8091542e-02
3.2185730e-02 -3.8360703e-02
3.2241311e-02 -3.8091542e-02
3.2185730e-02 -3.8360703e-02
3.1833718e-02 -3.8401647e-02
3.1481700e-02 -3.8442590e-02
3.1833718e-02 -3.8401647e-02
3.2185730e-02 -3.8360703e-02
3.1833718e-02 -3.8401647e-02
3.1481700e-02 -3.8442590e-02
3.1833718e-02 -3.8401647e-02
3.1481700e-02 -3.8442590e-02
3.1833718e-02 -3.8401647e-02
3.2185730e-02 -3.8360703e-02
3.2240928e-02 -3.8401647e-02
3.2185629e-02 -3.8442590e-02
3.1833601e-02 -3.8497621e-02
3.2185629e-02 -3.8442590e-02
3.2240928e-02 -3.8401647e-02
3.2296228e-02 -3.8360703e-02
3.2241133e-02 -3.8235967e-02
3.2296228e-02 -3.8360703e-02
3.2241133e-02 -3.8235967e-02
3.2186037e-02 -3.8111230e-02
3.1834247e-02 -3.7966803e-02
3.1482444e-02 -3.7822375e-02
3.1318629e-02 -3.7627079e-02
3.1154808e-02 -3.7431781e-02
3.1082552e-02 -3.7627079e-02
3.1010751e-02 -3.7431781e-02
3.0867868e-02 -3.7337483e-02
3.0724982e-02 -3.7243185e-02
3.0725106e-02 -3.7134929e-02
3.0725229e-02 -3.7026671e-02
3.0868266e-02 -3.6990796e-02
3.0725229e-02 -3.7026671e-02
3.0725106e-02 -3.7134929e-02
3.0724982e-02 -3.7243185e-02
3.0868101e-02 -3.7134929e-02
3.1011219e-02 -3.7026671e-02
3.1011468e-02 -3.6990796e-02
3.1011634e-02 -3.7026671e-02
3.1083498e-02 -3.6990796e-02
3.1155278e-02 -3.7026671e-02
3.1319372e-02 -3.6990796e-02
3.1483465e-02 -3.6954921e-02
3.1631863e-02 -3.6924795e-02
3.1780189e-02 -3.6954921e-02
3.1631863e-02 -3.6924795e-02
3.1780260e-02 -3.6894669e-02
3.1984093e-02 -3.6716707e-02
3.2187926e-02 -3.6538742e-02
3.1984401e-02 -3.6453432e-02
3.2188126e-02 -3.6368121e-02
3.2243627e-02 -3.6156100e-02
3.2299127e-02 -3.5944075e-02
3.2304807e-02 -3.5933273e-02
3.2299127e-02 -3.5944075e-02
3.2304807e-02 -3.5933273e-02
3.2299127e-02 -3.5944075e-02
3.2304807e-02 -3.5933273e-02
3.2299127e-02 -3.5944075e-02
3.2243627e-02 -3.6156100e-02
3.2188619e-02 -3.5944075e-02
3.2243886e-02 -3.5933273e-02
3.2188644e-02 -3.5922472e-02
3.1985003e-02 -3.5933273e-02
3.1781360e-02 -3.5944075e-02
3.1985003e-02 -3.5933273e-02
3.2188644e-02 -3.5922472e-02
3.1985003e-02 -3.5933273e-02
3.1781360e-02 -3.5944075e-02
3.1985003e-02 -3.5933273e-02
3.2188644e-02 -3.5922472e-02
3.2243979e-02 -3.5852237e-02
3.2299315e-02 -3.5782002e-02
3.2304986e-02 -3.5778127e-02
3.2310658e-02 -3.5774253e-02
3.2328714e-02 -3.5713355e-02
3.2346771e-02 -3.5652458e-02
3.2366204e-02 -3.5713355e-02
3.2385778e-02 -3.5652458e-02
3.2420508e-02 -3.5460111e-02
3.2385778e-02 -3.5652458e-02
3.2420508e-02 -3.5460111e-02
3.2455236e-02 -3.5267763e-02
3.3004979e-02 -3.5140461e-02
3.2455236e-02 -3.5267763e-02
3.2420508e-02 -3.5460111e-02
3.2385778e-02 -3.5652458e-02
3.2366204e-02 -3.5713355e-02
3.2346630e-02 -3.5774253e-02
3.2366204e-02 -3.5713355e-02
3.2385778e-02 -3.5652458e-02
3.2420223e-02 -3.5707215e-02
3.2385652e-02 -3.5761973e-02
3.2420223e-02 -3.5707215e-02
3.2385652e-02 -3.5761973e-02
3.2420223e-02 -3.5707215e-02
3.2454667e-02 -3.5761973e-02
3.3004316e-02 -3.5707215e-02
3.2454667e-02 -3.5761973e-02
3.2420152e-02 -3.5768113e-02
3.2385637e-02 -3.5774253e-02
3.2366141e-02 -3.5768113e-02
3.2346644e-02 -3.5761973e-02
3.2328651e-02 -3.5768113e-02
3.2310672e-02 -3.5761973e-02
3.2305068e-02 -3.5707215e-02
3.2299464e-02 -3.5652458e-02
3.2244147e-02 -3.5707215e-02
3.2188955e-02 -3.5652458e-02
3.2097792e-02 -3.5460111e-02
3.2189394e-02 -3.5267763e-02
3.2244794e-02 -3.5140461e-02
3.2300193e-02 -3.5013158e-02
3.2305946e-02 -3.4937340e-02
3.2311699e-02 -3.4861521e-02
3.2329707e-02 -3.4843163e-02
3.2347714e-02 -3.4824805e-02
3.2367341e-02 -3.4715418e-02
3.2386968e-02 -3.4606031e-02
3.2421355e-02 -3.4715418e-02
3.2455986e-02 -3.4606031e-02
3.3005685e-02 -3.4525940e-02
3.3555181e-02 -3.4606031e-02
3.3590013e-02 -3.4525940e-02
3.3555181e-02 -3.4606031e-02
3.3590013e-02 -3.4525940e-02
3.3624846e-02 -3.4445850e-02
3.3638546e-02 -3.4525940e-02
3.3652246e-02 -3.4606031e-02
3.3638546e-02 -3.4525940e-02
3.3624660e-02 -3.4606031e-02
3.3638546e-02 -3.4525940e-02
3.3638546e-02 -3.4525940e-02
3.3624660e-02 -3.4606031e-02
3.3589793e-02 -3.4715418e-02
3.3624660e-02 -3.4606031e-02
3.3589793e-02 -3.4715418e-02
3.3554926e-02 -3.4824805e-02
3.3589793e-02 -3.4715418e-02
3.3624405e-02 -3.4824805e-02
3.3638176e-02 -3.4843163e-02
3.3651947e-02 -3.4861521e-02
3.3638066e-02 -3.4937340e-02
3.3651769e-02 -3.5013158e-02
3.3807157e-02 -3.5076078e-02
3.3962692e-02 -3.5013158e-02
3.3976534e-02 -3.5076078e-02
3.3962692e-02 -3.5013158e-02
3.3807157e-02 -3.5076078e-02
3.3807157e-02 -3.5076078e-02
3.3651769e-02 -3.5013158e-02
3.3638066e-02 -3.4937340e-02
3.3638066e-02 -3.4937340e-02
3.3638066e-02 -3.4937340e-02
3.3638066e-02 -3.4937340e-02
3.3638066e-02 -3.4937340e-02
3.3638066e-02 -3.4937340e-02
3.3624184e-02 -3.5013158e-02
3.3624184e-02 -3.5013158e-02
3.3589371e-02 -3.5076078e-02
3.3589371e-02 -3.5076078e-02
3.3589371e-02 -3.5076078e-02
3.3554557e-02 -3.5138997e-02
3.3589220e-02 -3.5203380e-02
3.3589220e-02 -3.5203380e-02
3.3623883e-02 -3.5267763e-02
3.3623883e-02 -3.5267763e-02
3.3623883e-02 -3.5267763e-02
3.3588916e-02 -3.5460111e-02
3.3623883e-02 -3.5267763e-02
3.3623883e-02 -3.5267763e-02
3.3623883e-02 -3.5267763e-02
3.3623883e-02 -3.5267763e-02
3.3588916e-02 -3.5460111e-02
3.3623883e-02 -3.5267763e-02
3.3589220e-02 -3.5203380e-02
3.3589220e-02 -3.5203380e-02
3.3589220e-02 -3.5203380e-02
3.3589220e-02 -3.5203380e-02
3.3589220e-02 -3.5203380e-02
3.3589220e-02 -3.5203380e-02
3.3554557e-02 -3.5138997e-02
3.3554557e-02 -3.5138997e-02
3.3554557e-02 -3.5138997e-02
3.3554557e-02 -3.5138997e-02
3.3554557e-02 -3.5138997e-02
3.3554557e-02 -3.5138997e-02
3.3554557e-02 -3.5138997e-02
3.3554557e-02 -3.5138997e-02
3.3554557e-02 -3.5138997e-02
3.3554557e-02 -3.5138997e-02
3.3554557e-02 -3.5138997e-02
3.3005053e-02 -3.5076078e-02
3.2455383e-02 -3.5138997e-02
3.2455383e-02 -3.5138997e-02
3.2455383e-02 -3.5138997e-02
3.2455383e-02 -3.5138997e-02
3.2455383e-02 -3.5138997e-02
3.2455383e-02 -3.5138997e-02
3.2455383e-02 -3.5138997e-02
3.2455383e-02 -3.5138997e-02
3.2455383e-02 -3.5138997e-02
3.2455383e-02 -3.5138997e-02
3.2455383e-02 -3.5138997e-02
3.3004906e-02 -3.5203380e-02
3.3004906e-02 -3.5203380e-02
3.3004906e-02 -3.5203380e-02
3.3004906e-02 -3.5203380e-02
3.2455383e-02 -3.5138997e-02
3.2420947e-02 -3.5076078e-02
3.2420947e-02 -3.5076078e-02
3.2420947e-02 -3.5076078e-02
3.2420947e-02 -3.5076078e-02
3.2420947e-02 -3.5076078e-02
3.2386510e-02 -3.5013158e-02
3.2386510e-02 -3.5013158e-02
3.2386510e-02 -3.5013158e-02
3.2386510e-02 -3.5013158e-02
3.2367091e-02 -3.4937340e-02
3.2367091e-02 -3.4937340e-02
3.2367091e-02 -3.4937340e-02
3.2367091e-02 -3.4937340e-02
3.2367091e-02 -3.4937340e-02
3.2367091e-02 -3.4937340e-02
3.2367091e-02 -3.4937340e-02
3.2367091e-02 -3.4937340e-02
3.2347501e-02 -3.5013158e-02
3.2329600e-02 -3.4937340e-02
3.2311699e-02 -3.4861521e-02
3.2311699e-02 -3.4861521e-02
3.2311699e-02 -3.4861521e-02
3.2311699e-02 -3.4861521e-02
3.2329600e-02 -3.4937340e-02
3.2311528e-02 -3.5013158e-02
3.2305790e-02 -3.5076078e-02
3.2311385e-02 -3.5138997e-02
3.2329299e-02 -3.5203380e-02
3.2311239e-02 -3.5267763e-02
3.2329006e-02 -3.5460111e-02
3.2310798e-02 -3.5652458e-02
3.2305352e-02 -3.5460111e-02
3.2305352e-02 -3.5460111e-02
3.2299464e-02 -3.5652458e-02
3.2244147e-02 -3.5707215e-02
3.2188829e-02 -3.5761973e-02
3.2097440e-02 -3.5768113e-02
3.2006049e-02 -3.5774253e-02
3.2006049e-02 -3.5774253e-02
3.1893797e-02 -3.5778127e-02
3.1781545e-02 -3.5782002e-02
3.1893797e-02 -3.5778127e-02
3.2006041e-02 -3.5782002e-02
3.2097428e-02 -3.5778127e-02
3.2188815e-02 -3.5774253e-02
3.2188815e-02 -3.5774253e-02
3.2188815e-02 -3.5774253e-02
3.2188815e-02 -3.5774253e-02
3.2097428e-02 -3.5778127e-02
3.2006041e-02 -3.5782002e-02
3.2006041e-02 -3.5782002e-02
3.2006041e-02 -3.5782002e-02
3.2097428e-02 -3.5778127e-02
3.2097428e-02 -3.5778127e-02
3.2097428e-02 -3.5778127e-02
3.2097428e-02 -3.5778127e-02
3.2097428e-02 -3.5778127e-02
3.2097428e-02 -3.5778127e-02
3.2097428e-02 -3.5778127e-02
3.2097428e-02 -3.5778127e-02
3.2097428e-02 -3.5778127e-02
3.2006041e-02 -3.5782002e-02
3.2006041e-02 -3.5782002e-02
3.2006041e-02 -3.5782002e-02
3.1893713e-02 -3.5852237e-02
3.1893713e-02 -3.5852237e-02
3.1893713e-02 -3.5852237e-02
3.2006041e-02 -3.5782002e-02
3.2097428e-02 -3.5778127e-02
3.2097428e-02 -3.5778127e-02
3.2006041e-02 -3.5782002e-02
3.2006041e-02 -3.5782002e-02
3.1893713e-02 -3.5852237e-02
3.1781385e-02 -3.5922472e-02
3.1655506e-02 -3.5933273e-02
3.1529627e-02 -3.5944075e-02
3.1655506e-02 -3.5933273e-02
3.1529627e-02 -3.5944075e-02
3.1529627e-02 -3.5944075e-02
3.1529627e-02 -3.5944075e-02
3.1655506e-02 -3.5933273e-02
3.1655506e-02 -3.5933273e-02
3.1655506e-02 -3.5933273e-02
3.1655506e-02 -3.5933273e-02
3.1529627e-02 -3.5944075e-02
3.1506885e-02 -3.6156100e-02
3.1506885e-02 -3.6156100e-02
3.1506885e-02 -3.6156100e-02
3.1506885e-02 -3.6156100e-02
3.1506885e-02 -3.6156100e-02
3.1484143e-02 -3.6368121e-02
3.1484143e-02 -3.6368121e-02
3.1484143e-02 -3.6368121e-02
3.1319990e-02 -3.6453432e-02
3.1155837e-02 -3.6538742e-02
3.1155837e-02 -3.6538742e-02
3.1319990e-02 -3.6453432e-02
3.1155837e-02 -3.6538742e-02
3.1083812e-02 -3.6716707e-02
3.1083812e-02 -3.6716707e-02
3.1083812e-02 -3.6716707e-02
3.1011786e-02 -3.6894669e-02
3.1083812e-02 -3.6716707e-02
3.1083812e-02 -3.6716707e-02
3.1011786e-02 -3.6894669e-02
3.1011543e-02 -3.6924795e-02
3.1011786e-02 -3.6894669e-02
3.1011543e-02 -3.6924795e-02
3.1011301e-02 -3.6954921e-02
3.0958048e-02 -3.6990796e-02
3.1011301e-02 -3.6954921e-02
3.0958048e-02 -3.6990796e-02
3.0958048e-02 -3.6990796e-02
3.0904795e-02 -3.7026671e-02
3.0814889e-02 -3.7134929e-02
3.0724982e-02 -3.7243185e-02
3.0724874e-02 -3.7337483e-02
3.0724766e-02 -3.7431781e-02
3.0724874e-02 -3.7337483e-02
3.0724766e-02 -3.7431781e-02
3.0709659e-02 -3.7627079e-02
3.0724766e-02 -3.7431781e-02
3.0709659e-02 -3.7627079e-02
3.0694551e-02 -3.7822375e-02
3.0059496e-02 -3.7894794e-02
2.9424420e-02 -3.7967213e-02
2.9389060e-02 -3.8039222e-02
2.9424420e-02 -3.7967213e-02
2.9389060e-02 -3.8039222e-02
2.9353700e-02 -3.8111230e-02
2.9043698e-02 -3.8134669e-02
2.9043698e-02 -3.8134669e-02
2.8733691e-02 -3.8158107e-02
2.8591412e-02 -3.8259406e-02
2.8591412e-02 -3.8259406e-02
2.8733691e-02 -3.8158107e-02
2.9043698e-02 -3.8134669e-02
2.8733691e-02 -3.8158107e-02
2.8591412e-02 -3.8259406e-02
2.8449133e-02 -3.8360703e-02
2.8591412e-02 -3.8259406e-02
2.8449133e-02 -3.8360703e-02
2.8449133e-02 -3.8360703e-02
2.8446978e-02 -3.8401647e-02
2.8449133e-02 -3.8360703e-02
2.8446978e-02 -3.8401647e-02
2.8446978e-02 -3.8401647e-02
2.8449044e-02 -3.8442590e-02
2.8449044e-02 -3.8442590e-02
2.8591256e-02 -3.8401647e-02
2.8591256e-02 -3.8401647e-02
2.8591256e-02 -3.8401647e-02
2.8591256e-02 -3.8401647e-02
2.8591256e-02 -3.8401647e-02
2.8733378e-02 -3.8442590e-02
2.9043401e-02 -3.8401647e-02
2.9353328e-02 -3.8442590e-02
2.9043294e-02 -3.8497621e-02
2.9353328e-02 -3.8442590e-02
2.9353328e-02 -3.8442590e-02
2.9043294e-02 -3.8497621e-02
2.9353328e-02 -3.8442590e-02
2.9043294e-02 -3.8497621e-02
2.8733256e-02 -3.8552651e-02
2.9043294e-02 -3.8497621e-02
2.8733256e-02 -3.8552651e-02
2.8591009e-02 -3.8626711e-02
2.8733092e-02 -3.8700770e-02
2.8733092e-02 -3.8700770e-02
2.8591009e-02 -3.8626711e-02
2.8733092e-02 -3.8700770e-02
2.8590920e-02 -3.8706579e-02
2.8448747e-02 -3.8712387e-02
2.8446468e-02 -3.8865640e-02
2.8444188e-02 -3.9018892e-02
2.8446468e-02 -3.8865640e-02
2.8448747e-02 -3.8712387e-02
2.8446468e-02 -3.8865640e-02
2.8446468e-02 -3.8865640e-02
2.8444527e-02 -3.8712387e-02
2.8444527e-02 -3.8712387e-02
2.8410572e-02 -3.8865640e-02
2.8410572e-02 -3.8865640e-02
2.8410572e-02 -3.8865640e-02
2.8444527e-02 -3.8712387e-02
2.8410572e-02 -3.8865640e-02
2.8376955e-02 -3.8712387e-02
2.8410748e-02 -3.8706579e-02
2.8444540e-02 -3.8700770e-02
2.8444540e-02 -3.8700770e-02
2.8446732e-02 -3.8626711e-02
2.8448923e-02 -3.8552651e-02
2.8448923e-02 -3.8552651e-02
2.8446732e-02 -3.8626711e-02
2.8446732e-02 -3.8626711e-02
2.8448923e-02 -3.8552651e-02
2.8591151e-02 -3.8497621e-02
2.8448923e-02 -3.8552651e-02
2.8446732e-02 -3.8626711e-02
2.8446732e-02 -3.8626711e-02
2.8444540e-02 -3.8700770e-02
2.8446732e-02 -3.8626711e-02
2.8446732e-02 -3.8626711e-02
2.8446732e-02 -3.8626711e-02
2.8446732e-02 -3.8626711e-02
2.8446732e-02 -3.8626711e-02
2.8444540e-02 -3.8700770e-02
2.8446732e-02 -3.8626711e-02
2.8448760e-02 -3.8700770e-02
2.8446644e-02 -3.8706579e-02
2.8448747e-02 -3.8712387e-02
2.8446468e-02 -3.8865640e-02
2.8448747e-02 -3.8712387e-02
2.8446468e-02 -3.8865640e-02
2.8444188e-02 -3.9018892e-02
2.8446468e-02 -3.8865640e-02
2.8448747e-02 -3.8712387e-02
2.8446468e-02 -3.8865640e-02
2.8444527e-02 -3.8712387e-02
2.8410572e-02 -3.8865640e-02
2.8376617e-02 -3.9018892e-02
2.8410572e-02 -3.8865640e-02
2.8376617e-02 -3.9018892e-02
2.8376617e-02 -3.9018892e-02
2.8312485e-02 -3.9057470e-02
2.8312485e-02 -3.9057470e-02
2.8376617e-02 -3.9018892e-02
2.8376617e-02 -3.9018892e-02
2.8312485e-02 -3.9057470e-02
2.8376617e-02 -3.9018892e-02
2.8410572e-02 -3.8865640e-02
2.8376617e-02 -3.9018892e-02
2.8410360e-02 -3.9057470e-02
2.8444188e-02 -3.9018892e-02
2.8446468e-02 -3.8865640e-02
2.8444188e-02 -3.9018892e-02
2.8446468e-02 -3.8865640e-02
2.8448409e-02 -3.9018892e-02
2.8590744e-02 -3.8865640e-02
2.8590744e-02 -3.8865640e-02
2.8732737e-02 -3.9018892e-02
2.8732737e-02 -3.9018892e-02
2.8590530e-02 -3.9057470e-02
2.8732737e-02 -3.9018892e-02
2.9042881e-02 -3.8865640e-02
2.9353022e-02 -3.8712387e-02
2.9042881e-02 -3.8865640e-02
2.8732737e-02 -3.9018892e-02
2.9042881e-02 -3.8865640e-02
2.9042881e-02 -3.8865640e-02
2.9042881e-02 -3.8865640e-02
2.9042881e-02 -3.8865640e-02
2.9353022e-02 -3.8712387e-02
2.9042881e-02 -3.8865640e-02
2.9353022e-02 -3.8712387e-02
2.9388307e-02 -3.8706579e-02
2.9353022e-02 -3.8712387e-02
2.9042881e-02 -3.8865640e-02
2.9353022e-02 -3.8712387e-02
2.9388307e-02 -3.8706579e-02
2.9388307e-02 -3.8706579e-02
2.9388307e-02 -3.8706579e-02
2.9423580e-02 -3.8712387e-02
2.9423580e-02 -3.8712387e-02
2.9423580e-02 -3.8712387e-02
2.9619248e-02 -3.8706579e-02
2.9814914e-02 -3.8700770e-02
2.9619248e-02 -3.8706579e-02
2.9814914e-02 -3.8700770e-02
2.9619248e-02 -3.8706579e-02
2.9619248e-02 -3.8706579e-02
2.9814914e-02 -3.8700770e-02
3.0254309e-02 -3.8626711e-02
2.9814914e-02 -3.8700770e-02
2.9814914e-02 -3.8700770e-02
3.0254309e-02 -3.8626711e-02
3.0693695e-02 -3.8552651e-02
3.0708642e-02 -3.8497621e-02
3.0693695e-02 -3.8552651e-02
3.0693695e-02 -3.8552651e-02
3.0254309e-02 -3.8626711e-02
2.9814914e-02 -3.8700770e-02
3.0254309e-02 -3.8626711e-02
3.0693519e-02 -3.8700770e-02
3.0693519e-02 -3.8700770e-02
3.0693519e-02 -3.8700770e-02
3.0693519e-02 -3.8700770e-02
3.0708489e-02 -3.8626711e-02
3.0708489e-02 -3.8626711e-02
3.0723282e-02 -3.8700770e-02
3.0723370e-02 -3.8626711e-02
3.0723458e-02 -3.8552651e-02
3.0723370e-02 -3.8626711e-02
3.0723458e-02 -3.8552651e-02
3.0813301e-02 -3.8497621e-02
3.0903013e-02 -3.8552651e-02
3.0956288e-02 -3.8497621e-02
3.1009562e-02 -3.8442590e-02
3.0956288e-02 -3.8497621e-02
3.0903013e-02 -3.8552651e-02
3.0903013e-02 -3.8552651e-02
3.0813148e-02 -3.8626711e-02
3.0813148e-02 -3.8626711e-02
3.0723282e-02 -3.8700770e-02
3.0723275e-02 -3.8706579e-02
3.0723282e-02 -3.8700770e-02
3.0723275e-02 -3.8706579e-02
3.0723268e-02 -3.8712387e-02
3.0708204e-02 -3.8865640e-02
3.0708204e-02 -3.8865640e-02
3.0708204e-02 -3.8865640e-02
3.0693140e-02 -3.9018892e-02
3.0253803e-02 -3.9057470e-02
2.9814455e-02 -3.9096048e-02
2.9618754e-02 -3.9135068e-02
2.9423051e-02 -3.9174088e-02
2.9387491e-02 -3.9417431e-02
2.9423051e-02 -3.9174088e-02
2.9618754e-02 -3.9135068e-02
2.9814364e-02 -3.9174088e-02
2.9618425e-02 -3.9417431e-02
2.9814364e-02 -3.9174088e-02
2.9618425e-02 -3.9417431e-02
2.9814364e-02 -3.9174088e-02
3.0253711e-02 -3.9135068e-02
3.0693048e-02 -3.9096048e-02
3.0253711e-02 -3.9135068e-02
3.0693048e-02 -3.9096048e-02
3.0253711e-02 -3.9135068e-02
2.9814364e-02 -3.9174088e-02
2.9618425e-02 -3.9417431e-02
2.9814364e-02 -3.9174088e-02
3.0253711e-02 -3.9135068e-02
2.9814364e-02 -3.9174088e-02
2.9618425e-02 -3.9417431e-02
2.9618425e-02 -3.9417431e-02
2.9814364e-02 -3.9174088e-02
2.9618425e-02 -3.9417431e-02
2.9618425e-02 -3.9417431e-02
2.9618425e-02 -3.9417431e-02
2.9422486e-02 -3.9660770e-02
2.9618425e-02 -3.9417431e-02
2.9423051e-02 -3.9174088e-02
2.9618754e-02 -3.9135068e-02
2.9423140e-02 -3.9096048e-02
2.9423140e-02 -3.9096048e-02
2.9423140e-02 -3.9096048e-02
2.9618844e-02 -3.9057470e-02
2.9618844e-02 -3.9057470e-02
2.9618844e-02 -3.9057470e-02
2.9423140e-02 -3.9096048e-02
2.9387907e-02 -3.9057470e-02
2.9387907e-02 -3.9057470e-02
2.9352584e-02 -3.9096048e-02
2.9352584e-02 -3.9096048e-02
2.9387907e-02 -3.9057470e-02
2.9423229e-02 -3.9018892e-02
2.9423229e-02 -3.9018892e-02
2.9619065e-02 -3.8865640e-02
2.9814900e-02 -3.8712387e-02
3.0254215e-02 -3.8706579e-02
2.9814900e-02 -3.8712387e-02
3.0254215e-02 -3.8706579e-02
2.9814914e-02 -3.8700770e-02
2.9814914e-02 -3.8700770e-02
2.9619248e-02 -3.8706579e-02
2.9423580e-02 -3.8712387e-02
2.9388126e-02 -3.8865640e-02
2.9352672e-02 -3.9018892e-02
2.9388126e-02 -3.8865640e-02
