-2.8225803e-02 6.3997183e-02
-3.5177176e-02 5.2591958e-02
-3.2976548e-02 5.3657237e-02
-3.7552897e-02 4.7416978e-02
-3.2976548e-02 5.3657237e-02
-3.2521473e-02 5.4856834e-02
-3.2066398e-02 5.6056272e-02
-3.1392259e-02 5.6052563e-02
-3.0718090e-02 5.6048854e-02
-3.1394347e-02 5.4853124e-02
-3.2070620e-02 5.3657237e-02
-3.2076201e-02 5.3585630e-02
-3.2070620e-02 5.3657237e-02
-3.2076201e-02 5.3585630e-02
-3.2070620e-02 5.3657237e-02
-3.1396506e-02 5.3585630e-02
-3.0722357e-02 5.3514022e-02
-2.9996811e-02 5.3374346e-02
-2.9270784e-02 5.3514022e-02
-2.9996811e-02 5.3374346e-02
-3.0722816e-02 5.3234668e-02
-2.9996811e-02 5.3374346e-02
-2.9271221e-02 5.3234668e-02
-2.9170606e-02 5.3374346e-02
-2.9069991e-02 5.3514022e-02
-2.8656493e-02 5.3585630e-02
-2.8243205e-02 5.3514022e-02
-2.7852737e-02 5.3466946e-02
-2.7462119e-02 5.3514022e-02
-2.7852737e-02 5.3466946e-02
-2.7462257e-02 5.3419869e-02
-2.7549974e-02 5.3466946e-02
-2.7462119e-02 5.3514022e-02
-2.7232039e-02 5.3585630e-02
-2.7001958e-02 5.3657237e-02
-2.6733201e-02 5.3710846e-02
-2.6464441e-02 5.3764455e-02
-2.6414437e-02 5.3803711e-02
-2.6364432e-02 5.3842966e-02
-2.6414437e-02 5.3803711e-02
-2.6464441e-02 5.3764455e-02
-2.6733201e-02 5.3710846e-02
-2.6464441e-02 5.3764455e-02
-2.6414569e-02 5.3710846e-02
-2.6364544e-02 5.3764455e-02
-2.5861074e-02 5.3803711e-02
-2.6364432e-02 5.3842966e-02
-2.6414177e-02 5.3986336e-02
-2.6463919e-02 5.4129704e-02
-2.6413953e-02 5.4142798e-02
-2.6463919e-02 5.4129704e-02
-2.6732804e-02 5.3986336e-02
-2.7001689e-02 5.3842966e-02
-2.7231452e-02 5.3986336e-02
-2.7461634e-02 5.3842966e-02
-2.7549205e-02 5.3986336e-02
-2.7461634e-02 5.3842966e-02
-2.7373839e-02 5.3803711e-02
-2.7461750e-02 5.3764455e-02
-2.7549614e-02 5.3710846e-02
-2.7461908e-02 5.3657237e-02
-2.7374159e-02 5.3585630e-02
-2.7286409e-02 5.3514022e-02
-2.7144356e-02 5.3466946e-02
-2.7002166e-02 5.3514022e-02
-2.7144184e-02 5.3585630e-02
-2.7286200e-02 5.3657237e-02
-2.7373976e-02 5.3710846e-02
-2.7461750e-02 5.3764455e-02
-2.7549614e-02 5.3710846e-02
-2.7637478e-02 5.3657237e-02
-2.7549614e-02 5.3710846e-02
-2.7461750e-02 5.3764455e-02
-2.7373839e-02 5.3803711e-02
-2.7285927e-02 5.3842966e-02
-2.7143599e-02 5.3986336e-02
-2.7001271e-02 5.4129704e-02
-2.6732765e-02 5.4013541e-02
-2.6464252e-02 5.3897377e-02
-2.6732972e-02 5.3870172e-02
-2.7001689e-02 5.3842966e-02
-2.6733067e-02 5.3803711e-02
-2.6464441e-02 5.3764455e-02
-2.6414569e-02 5.3710846e-02
-2.6364544e-02 5.3764455e-02
-2.5861074e-02 5.3803711e-02
-2.5357593e-02 5.3842966e-02
-2.5262836e-02 5.3803711e-02
-2.5168079e-02 5.3764455e-02
-2.5119509e-02 5.3710846e-02
-2.5168224e-02 5.3657237e-02
-2.5263090e-02 5.3616720e-02
-2.5168333e-02 5.3576204e-02
-2.5263187e-02 5.3545113e-02
-2.5168333e-02 5.3576204e-02
-2.5263187e-02 5.3545113e-02
-2.5168417e-02 5.3514022e-02
-2.5119733e-02 5.3545113e-02
-2.5071132e-02 5.3514022e-02
-2.5119838e-02 5.3466946e-02
-2.5168544e-02 5.3419869e-02
-2.5263416e-02 5.3375540e-02
-2.5168663e-02 5.3331210e-02
-2.5120085e-02 5.3282939e-02
-2.5071506e-02 5.3234668e-02
-2.5120290e-02 5.3129139e-02
-2.5071787e-02 5.3023608e-02
-2.4875514e-02 5.2958829e-02
-2.4679238e-02 5.2894048e-02
-2.4875797e-02 5.2743724e-02
-2.5072357e-02 5.2593397e-02
-2.5121125e-02 5.2500582e-02
-2.5169892e-02 5.2407765e-02
-2.5121264e-02 5.2394442e-02
-2.5169928e-02 5.2381119e-02
-2.5121345e-02 5.2333274e-02
-2.5072762e-02 5.2285429e-02
-2.4876535e-02 5.2178812e-02
-2.4680303e-02 5.2072193e-02
-2.4876913e-02 5.1886606e-02
-2.5073524e-02 5.1701014e-02
-2.5122236e-02 5.1651757e-02
-2.5170947e-02 5.1602500e-02
-2.5122236e-02 5.1651757e-02
-2.5170947e-02 5.1602500e-02
-2.5122236e-02 5.1651757e-02
-2.5073524e-02 5.1701014e-02
-2.5121930e-02 5.1886606e-02
-2.5073524e-02 5.1701014e-02
-2.4877216e-02 5.1651757e-02
-2.5073652e-02 5.1602500e-02
-2.5122397e-02 5.1526955e-02
-2.5171143e-02 5.1451410e-02
-2.5122691e-02 5.1299813e-02
-2.5171535e-02 5.1148215e-02
-2.5122691e-02 5.1299813e-02
-2.5073847e-02 5.1451410e-02
-2.4877376e-02 5.1526955e-02
-2.4681097e-02 5.1451410e-02
-2.4611163e-02 5.1299813e-02
-2.4681481e-02 5.1148215e-02
-2.4877880e-02 5.1132894e-02
-2.5074277e-02 5.1117573e-02
-2.5122981e-02 5.1074715e-02
-2.5074277e-02 5.1117573e-02
-2.4877954e-02 5.1074715e-02
-2.4681520e-02 5.1117573e-02
-2.4611374e-02 5.1132894e-02
-2.4541266e-02 5.1117573e-02
-2.4496952e-02 5.1132894e-02
-2.4541266e-02 5.1117573e-02
-2.4611447e-02 5.1074715e-02
-2.4681628e-02 5.1031857e-02
-2.4878225e-02 5.0860535e-02
-2.4841613e-02 5.0689211e-02
-2.4761620e-02 5.0860535e-02
-2.4682058e-02 5.0689211e-02
-2.4611716e-02 5.0860535e-02
-2.4541374e-02 5.1031857e-02
-2.4497025e-02 5.1074715e-02
-2.4541374e-02 5.1031857e-02
-2.4611716e-02 5.0860535e-02
-2.4682058e-02 5.0689211e-02
-2.4761968e-02 5.0584036e-02
-2.4841878e-02 5.0478860e-02
-2.4958352e-02 5.0584036e-02
-2.5075091e-02 5.0478860e-02
-2.4958352e-02 5.0584036e-02
-2.4841613e-02 5.0689211e-02
-2.4761620e-02 5.0860535e-02
-2.4681628e-02 5.1031857e-02
-2.4761620e-02 5.0860535e-02
-2.4841613e-02 5.0689211e-02
-2.4958352e-02 5.0584036e-02
-2.5074824e-02 5.0689211e-02
-2.5123607e-02 5.0584036e-02
-2.5074824e-02 5.0689211e-02
-2.4958002e-02 5.0860535e-02
-2.4841180e-02 5.1031857e-02
-2.4761350e-02 5.1074715e-02
-2.4841180e-02 5.1031857e-02
-2.4761350e-02 5.1074715e-02
-2.4841180e-02 5.1031857e-02
-2.4761350e-02 5.1074715e-02
-2.4681520e-02 5.1117573e-02
-2.4611447e-02 5.1074715e-02
-2.4681628e-02 5.1031857e-02
-2.4611447e-02 5.1074715e-02
-2.4541266e-02 5.1117573e-02
-2.4523915e-02 5.1132894e-02
-2.4506603e-02 5.1117573e-02
-2.4479694e-02 5.1074715e-02
-2.4506710e-02 5.1031857e-02
-2.4524256e-02 5.0860535e-02
-2.4507137e-02 5.0689211e-02
-2.4480304e-02 5.0584036e-02
-2.4507137e-02 5.0689211e-02
-2.4524571e-02 5.0607766e-02
-2.4507137e-02 5.0689211e-02
-2.4524256e-02 5.0860535e-02
-2.4507137e-02 5.0689211e-02
-2.4524571e-02 5.0607766e-02
-2.4507137e-02 5.0689211e-02
-2.4524571e-02 5.0607766e-02
-2.4542004e-02 5.0526320e-02
-2.4524701e-02 5.0502590e-02
-2.4507398e-02 5.0478860e-02
-2.4480452e-02 5.0464394e-02
-2.4453507e-02 5.0449928e-02
-2.4445765e-02 5.0464394e-02
-2.4438058e-02 5.0449928e-02
-2.4445785e-02 5.0448147e-02
-2.4438063e-02 5.0446365e-02
-2.4445821e-02 5.0418723e-02
-2.4438131e-02 5.0391081e-02
-2.4445858e-02 5.0388828e-02
-2.4438137e-02 5.0386574e-02
-2.4350957e-02 5.0388828e-02
-2.4263777e-02 5.0391081e-02
-2.4205175e-02 5.0418723e-02
-2.4263777e-02 5.0391081e-02
-2.4350957e-02 5.0388828e-02
-2.4438137e-02 5.0386574e-02
-2.4445866e-02 5.0382041e-02
-2.4438148e-02 5.0377507e-02
-2.4351001e-02 5.0352766e-02
-2.4263855e-02 5.0328024e-02
-2.4205335e-02 5.0288129e-02
-2.4146814e-02 5.0248233e-02
-2.4146055e-02 5.0288129e-02
-2.4146814e-02 5.0248233e-02
-2.4205335e-02 5.0288129e-02
-2.4263952e-02 5.0248233e-02
-2.4351081e-02 5.0288129e-02
-2.4438307e-02 5.0248233e-02
-2.4446132e-02 5.0165737e-02
-2.4453958e-02 5.0083240e-02
-2.4446132e-02 5.0165737e-02
-2.4453755e-02 5.0248233e-02
-2.4480670e-02 5.0288129e-02
-2.4507585e-02 5.0328024e-02
-2.4524966e-02 5.0288129e-02
-2.4542348e-02 5.0248233e-02
-2.4612429e-02 5.0288129e-02
-2.4682608e-02 5.0248233e-02
-2.4744373e-02 5.0165737e-02
-2.4682608e-02 5.0248233e-02
-2.4612429e-02 5.0288129e-02
-2.4542348e-02 5.0248233e-02
-2.4525117e-02 5.0165737e-02
-2.4507683e-02 5.0248233e-02
-2.4525117e-02 5.0165737e-02
-2.4507886e-02 5.0083240e-02
-2.4480820e-02 5.0165737e-02
-2.4453958e-02 5.0083240e-02
-2.4446132e-02 5.0165737e-02
-2.4453755e-02 5.0248233e-02
-2.4480670e-02 5.0288129e-02
-2.4507585e-02 5.0328024e-02
-2.4524886e-02 5.0352766e-02
-2.4507523e-02 5.0377507e-02
-2.4480590e-02 5.0352766e-02
-2.4507585e-02 5.0328024e-02
-2.4524886e-02 5.0352766e-02
-2.4542249e-02 5.0328024e-02
-2.4586054e-02 5.0288129e-02
-2.4629760e-02 5.0328024e-02
-2.4586054e-02 5.0288129e-02
-2.4629859e-02 5.0248233e-02
-2.4586205e-02 5.0165737e-02
-2.4630063e-02 5.0083240e-02
-2.4632092e-02 5.0039640e-02
-2.4634122e-02 4.9996039e-02
-2.4658528e-02 4.9990307e-02
-2.4682934e-02 4.9984575e-02
-2.4744739e-02 4.9870189e-02
-2.4682934e-02 4.9984575e-02
-2.4658528e-02 4.9990307e-02
-2.4682920e-02 4.9996039e-02
-2.4744530e-02 5.0039640e-02
-2.4806247e-02 4.9996039e-02
-2.4824371e-02 4.9990307e-02
-2.4842495e-02 4.9984575e-02
-2.4852129e-02 4.9870189e-02
-2.4861764e-02 4.9755801e-02
-2.4886589e-02 4.9870189e-02
-2.4911414e-02 4.9984575e-02
-2.4886440e-02 4.9990307e-02
-2.4911400e-02 4.9996039e-02
-2.4993557e-02 4.9990307e-02
-2.5075699e-02 4.9996039e-02
-2.5083637e-02 4.9990307e-02
-2.5075699e-02 4.9996039e-02
-2.5083637e-02 4.9990307e-02
-2.5091575e-02 4.9984575e-02
-2.5132289e-02 4.9990307e-02
-2.5173002e-02 4.9996039e-02
-2.5132227e-02 5.0039640e-02
-2.5091561e-02 4.9996039e-02
-2.5132289e-02 4.9990307e-02
-2.5173016e-02 4.9984575e-02
-2.5240412e-02 4.9870189e-02
-2.5307807e-02 4.9755801e-02
-2.5313016e-02 4.9689914e-02
-2.5307973e-02 4.9624027e-02
-2.5240638e-02 4.9689914e-02
-2.5173304e-02 4.9755801e-02
-2.5240412e-02 4.9870189e-02
-2.5173016e-02 4.9984575e-02
-2.5132439e-02 4.9870189e-02
-2.5173016e-02 4.9984575e-02
-2.5240412e-02 4.9870189e-02
-2.5307807e-02 4.9755801e-02
-2.5313016e-02 4.9689914e-02
-2.5318225e-02 4.9624027e-02
-2.5323108e-02 4.9608514e-02
-2.5318264e-02 4.9593002e-02
-2.5313119e-02 4.9608514e-02
-2.5318225e-02 4.9624027e-02
-2.5313016e-02 4.9689914e-02
-2.5307807e-02 4.9755801e-02
-2.5313016e-02 4.9689914e-02
-2.5318225e-02 4.9624027e-02
-2.5323108e-02 4.9608514e-02
-2.5327951e-02 4.9624027e-02
-2.5345458e-02 4.9689914e-02
-2.5362964e-02 4.9755801e-02
-2.5373778e-02 4.9870189e-02
-2.5384592e-02 4.9984575e-02
-2.5400280e-02 4.9990307e-02
-2.5384577e-02 4.9996039e-02
-2.5400280e-02 4.9990307e-02
-2.5415983e-02 4.9984575e-02
-2.5418681e-02 4.9870189e-02
-2.5421088e-02 4.9984575e-02
-2.5449093e-02 4.9990307e-02
-2.5477098e-02 4.9996039e-02
-2.5522360e-02 5.0039640e-02
-2.5476987e-02 5.0083240e-02
-2.5522199e-02 5.0165737e-02
-2.5567410e-02 5.0248233e-02
-2.5620803e-02 5.0165737e-02
-2.5674197e-02 5.0083240e-02
-2.5727484e-02 5.0039640e-02
-2.5780659e-02 5.0083240e-02
-2.5812284e-02 5.0165737e-02
-2.5843910e-02 5.0248233e-02
-2.5884034e-02 5.0288129e-02
-2.5924159e-02 5.0328024e-02
-2.5966924e-02 5.0288129e-02
-2.6009689e-02 5.0248233e-02
-2.6092669e-02 5.0165737e-02
-2.6175649e-02 5.0083240e-02
-2.6272675e-02 5.0039640e-02
-2.6369701e-02 4.9996039e-02
-2.6408013e-02 4.9990307e-02
-2.6369701e-02 4.9996039e-02
-2.6407947e-02 5.0039640e-02
-2.6369586e-02 5.0083240e-02
-2.6407780e-02 5.0165737e-02
-2.6445974e-02 5.0248233e-02
-2.6457738e-02 5.0165737e-02
-2.6469502e-02 5.0083240e-02
-2.6502172e-02 5.0039640e-02
-2.6534841e-02 4.9996039e-02
-2.6535954e-02 4.9990307e-02
-2.6534856e-02 4.9984575e-02
-2.6502396e-02 4.9870189e-02
-2.6469633e-02 4.9984575e-02
-2.6502396e-02 4.9870189e-02
-2.6535159e-02 4.9755801e-02
-2.6536351e-02 4.9689914e-02
-2.6537544e-02 4.9624027e-02
-2.6647946e-02 4.9608514e-02
-2.6758348e-02 4.9593002e-02
-2.6780019e-02 4.9579025e-02
-2.6758385e-02 4.9565047e-02
-2.6648010e-02 4.9560151e-02
-2.6537634e-02 4.9555254e-02
-2.6536522e-02 4.9560151e-02
-2.6537634e-02 4.9555254e-02
-2.6648028e-02 4.9546667e-02
-2.6758421e-02 4.9538080e-02
-2.6780110e-02 4.9510150e-02
-2.6758495e-02 4.9482219e-02
-2.6780180e-02 4.9457590e-02
-2.6758560e-02 4.9432961e-02
-2.6780180e-02 4.9457590e-02
-2.6758560e-02 4.9432961e-02
-2.6648145e-02 4.9457590e-02
-2.6758560e-02 4.9432961e-02
-2.6780227e-02 4.9421631e-02
-2.6758560e-02 4.9432961e-02
-2.6780227e-02 4.9421631e-02
-2.6758590e-02 4.9410300e-02
-2.6648193e-02 4.9421631e-02
-2.6537795e-02 4.9432961e-02
-2.6536657e-02 4.9457590e-02
-2.6535519e-02 4.9482219e-02
-2.6502870e-02 4.9510150e-02
-2.6535519e-02 4.9482219e-02
-2.6536657e-02 4.9457590e-02
-2.6537795e-02 4.9432961e-02
-2.6648193e-02 4.9421631e-02
-2.6537795e-02 4.9432961e-02
-2.6536657e-02 4.9457590e-02
-2.6535519e-02 4.9482219e-02
-2.6502870e-02 4.9510150e-02
-2.6470221e-02 4.9538080e-02
-2.6458555e-02 4.9546667e-02
-2.6470221e-02 4.9538080e-02
-2.6458555e-02 4.9546667e-02
-2.6446889e-02 4.9555254e-02
-2.6458555e-02 4.9546667e-02
-2.6470221e-02 4.9538080e-02
-2.6502822e-02 4.9546667e-02
-2.6470199e-02 4.9555254e-02
-2.6458538e-02 4.9560151e-02
-2.6446876e-02 4.9565047e-02
-2.6408572e-02 4.9565025e-02
-2.6446876e-02 4.9565003e-02
-2.6408572e-02 4.9565025e-02
-2.6370267e-02 4.9565047e-02
-2.6347022e-02 4.9579025e-02
-2.6323813e-02 4.9565047e-02
-2.6250051e-02 4.9579025e-02
-2.6176326e-02 4.9565047e-02
-2.6093433e-02 4.9579025e-02
-2.6010540e-02 4.9593002e-02
-2.5967844e-02 4.9579025e-02
-2.6010576e-02 4.9565047e-02
-2.5967844e-02 4.9579025e-02
-2.5925111e-02 4.9593002e-02
-2.5884913e-02 4.9608514e-02
-2.5844755e-02 4.9593002e-02
-2.5813002e-02 4.9608514e-02
-2.5781249e-02 4.9624027e-02
-2.5727933e-02 4.9689914e-02
-2.5674785e-02 4.9624027e-02
-2.5667452e-02 4.9608514e-02
-2.5660119e-02 4.9593002e-02
-2.5667489e-02 4.9579025e-02
-2.5660119e-02 4.9593002e-02
-2.5667489e-02 4.9579025e-02
-2.5674860e-02 4.9565047e-02
-2.5667489e-02 4.9579025e-02
-2.5660119e-02 4.9593002e-02
-2.5614163e-02 4.9608514e-02
-2.5568247e-02 4.9593002e-02
-2.5522939e-02 4.9584459e-02
-2.5568269e-02 4.9575915e-02
-2.5614212e-02 4.9570481e-02
-2.5568282e-02 4.9565047e-02
-2.5614218e-02 4.9565025e-02
-2.5568282e-02 4.9565047e-02
-2.5522957e-02 4.9570481e-02
-2.5477632e-02 4.9575915e-02
-2.5449608e-02 4.9584459e-02
-2.5421606e-02 4.9575915e-02
-2.5449625e-02 4.9570481e-02
-2.5421619e-02 4.9565047e-02
-2.5419060e-02 4.9570481e-02
-2.5416500e-02 4.9575915e-02
-2.5400793e-02 4.9584459e-02
-2.5385087e-02 4.9593002e-02
-2.5381680e-02 4.9608514e-02
-2.5385048e-02 4.9624027e-02
-2.5381577e-02 4.9689914e-02
-2.5378272e-02 4.9624027e-02
-2.5370618e-02 4.9689914e-02
-2.5378272e-02 4.9624027e-02
-2.5370618e-02 4.9689914e-02
-2.5363131e-02 4.9624027e-02
-2.5356189e-02 4.9608514e-02
-2.5363170e-02 4.9593002e-02
-2.5356189e-02 4.9608514e-02
-2.5349247e-02 4.9593002e-02
-2.5346615e-02 4.9608514e-02
-2.5343983e-02 4.9624027e-02
-2.5335987e-02 4.9608514e-02
-2.5327951e-02 4.9624027e-02
-2.5323108e-02 4.9608514e-02
-2.5318264e-02 4.9593002e-02
-2.5313149e-02 4.9584459e-02
-2.5308033e-02 4.9575915e-02
-2.5279654e-02 4.9570481e-02
-2.5251275e-02 4.9565047e-02
-2.5212402e-02 4.9570481e-02
-2.5173542e-02 4.9565047e-02
-2.5212409e-02 4.9565025e-02
-2.5251275e-02 4.9565003e-02
-2.5212409e-02 4.9565025e-02
-2.5251275e-02 4.9565003e-02
-2.5212415e-02 4.9560129e-02
-2.5173555e-02 4.9555254e-02
-2.5156468e-02 4.9546667e-02
-2.5139381e-02 4.9538080e-02
-2.5115792e-02 4.9510150e-02
-2.5092133e-02 4.9538080e-02
-2.5115792e-02 4.9510150e-02
-2.5139451e-02 4.9482219e-02
-2.5115792e-02 4.9510150e-02
-2.5092133e-02 4.9538080e-02
-2.5115792e-02 4.9510150e-02
-2.5092133e-02 4.9538080e-02
-2.5084191e-02 4.9546667e-02
-2.5076249e-02 4.9555254e-02
-2.4994092e-02 4.9560129e-02
-2.4911935e-02 4.9565003e-02
-2.4886967e-02 4.9565025e-02
-2.4861999e-02 4.9565047e-02
-2.4857563e-02 4.9570481e-02
-2.4861999e-02 4.9565047e-02
-2.4886967e-02 4.9565025e-02
-2.4861999e-02 4.9565003e-02
-2.4886973e-02 4.9560129e-02
-2.4862011e-02 4.9555254e-02
-2.4857592e-02 4.9546667e-02
-2.4862032e-02 4.9538080e-02
-2.4887035e-02 4.9510150e-02
-2.4912037e-02 4.9482219e-02
-2.4994219e-02 4.9457590e-02
-2.4912098e-02 4.9432961e-02
-2.4994264e-02 4.9421631e-02
-2.4912098e-02 4.9432961e-02
-2.4994264e-02 4.9421631e-02
-2.4912098e-02 4.9432961e-02
-2.4994219e-02 4.9457590e-02
-2.4912037e-02 4.9482219e-02
-2.4887035e-02 4.9510150e-02
-2.4912037e-02 4.9482219e-02
-2.4994154e-02 4.9510150e-02
-2.4912037e-02 4.9482219e-02
-2.4994219e-02 4.9457590e-02
-2.4912037e-02 4.9482219e-02
-2.4994154e-02 4.9510150e-02
-2.4912037e-02 4.9482219e-02
-2.4901228e-02 4.9510150e-02
-2.4890487e-02 4.9482219e-02
-2.4876324e-02 4.9457590e-02
-2.4890548e-02 4.9432961e-02
-2.4901337e-02 4.9421631e-02
-2.4890548e-02 4.9432961e-02
-2.4876369e-02 4.9421631e-02
-2.4890576e-02 4.9410300e-02
-2.4901351e-02 4.9410300e-02
-2.4890576e-02 4.9410300e-02
-2.4901351e-02 4.9410300e-02
-2.4890576e-02 4.9410300e-02
-2.4901372e-02 4.9392590e-02
-2.4890576e-02 4.9410300e-02
-2.4876383e-02 4.9410300e-02
-2.4862190e-02 4.9410300e-02
-2.4857760e-02 4.9410300e-02
-2.4853330e-02 4.9410300e-02
-2.4848267e-02 4.9410300e-02
-2.4843204e-02 4.9410300e-02
-2.4838748e-02 4.9421631e-02
-2.4834292e-02 4.9432961e-02
-2.4820587e-02 4.9457590e-02
-2.4834292e-02 4.9432961e-02
-2.4820587e-02 4.9457590e-02
-2.4834292e-02 4.9432961e-02
-2.4820587e-02 4.9457590e-02
-2.4834292e-02 4.9432961e-02
-2.4838748e-02 4.9421631e-02
-2.4834320e-02 4.9410300e-02
-2.4820631e-02 4.9421631e-02
-2.4806942e-02 4.9432961e-02
-2.4820587e-02 4.9457590e-02
-2.4834292e-02 4.9432961e-02
-2.4838748e-02 4.9421631e-02
-2.4843204e-02 4.9410300e-02
-2.4848267e-02 4.9410300e-02
-2.4843204e-02 4.9410300e-02
-2.4848267e-02 4.9410300e-02
-2.4853330e-02 4.9410300e-02
-2.4848289e-02 4.9392590e-02
-2.4843248e-02 4.9374879e-02
-2.4838816e-02 4.9366767e-02
-2.4834383e-02 4.9359482e-02
-2.4820698e-02 4.9367181e-02
-2.4807013e-02 4.9374879e-02
-2.4820698e-02 4.9367181e-02
-2.4807032e-02 4.9359482e-02
-2.4745367e-02 4.9359069e-02
-2.4683701e-02 4.9359482e-02
-2.4675867e-02 4.9367181e-02
-2.4668034e-02 4.9374879e-02
-2.4662323e-02 4.9392590e-02
-2.4668034e-02 4.9374879e-02
-2.4662323e-02 4.9392590e-02
-2.4656612e-02 4.9410300e-02
-2.4653925e-02 4.9392590e-02
-2.4651239e-02 4.9374879e-02
-2.4643070e-02 4.9367181e-02
-2.4634901e-02 4.9359482e-02
-2.4632926e-02 4.9359069e-02
-2.4630951e-02 4.9358656e-02
-2.4613255e-02 4.9344372e-02
-2.4630985e-02 4.9330089e-02
-2.4613255e-02 4.9344372e-02
-2.4595558e-02 4.9330089e-02
-2.4591629e-02 4.9324181e-02
-2.4587700e-02 4.9318274e-02
-2.4587098e-02 4.9308844e-02
-2.4586496e-02 4.9299415e-02
-2.4567564e-02 4.9266718e-02
-2.4548552e-02 4.9299415e-02
-2.4546069e-02 4.9266718e-02
-2.4543507e-02 4.9299415e-02
-2.4526163e-02 4.9308844e-02
-2.4508818e-02 4.9318274e-02
-2.4526163e-02 4.9308844e-02
-2.4508841e-02 4.9299415e-02
-2.4481864e-02 4.9308844e-02
-2.4454910e-02 4.9299415e-02
-2.4454275e-02 4.9266718e-02
-2.4453640e-02 4.9234022e-02
-2.4453164e-02 4.9199872e-02
-2.4452689e-02 4.9165722e-02
-2.4446115e-02 4.9199872e-02
-2.4439540e-02 4.9234022e-02
-2.4352400e-02 4.9199872e-02
-2.4265258e-02 4.9165722e-02
-2.4243335e-02 4.9161523e-02
-2.4221412e-02 4.9157323e-02
-2.4214610e-02 4.9150019e-02
-2.4207808e-02 4.9142716e-02
-2.4203348e-02 4.9133521e-02
-2.4198888e-02 4.9124326e-02
-2.4173587e-02 4.9072320e-02
-2.4148163e-02 4.9124326e-02
-2.4147515e-02 4.9072320e-02
-2.4146743e-02 4.9124326e-02
-2.4123109e-02 4.9072320e-02
-2.4099476e-02 4.9020314e-02
-2.4093145e-02 4.9006025e-02
-2.4086813e-02 4.8991735e-02
-2.4093145e-02 4.9006025e-02
-2.4086780e-02 4.9020314e-02
-2.4057963e-02 4.9072320e-02
-2.4029270e-02 4.9020314e-02
-2.4012818e-02 4.9006025e-02
-2.3996367e-02 4.8991735e-02
-2.3994456e-02 4.8955010e-02
-2.3992546e-02 4.8918286e-02
-2.3981442e-02 4.8864148e-02
-2.3970339e-02 4.8810010e-02
-2.3944481e-02 4.8788148e-02
-2.3918623e-02 4.8766286e-02
-2.3889357e-02 4.8735261e-02
-2.3860018e-02 4.8766286e-02
-2.3859330e-02 4.8735261e-02
-2.3858642e-02 4.8704236e-02
-2.3846605e-02 4.8688433e-02
-2.3834569e-02 4.8672630e-02
-2.3821071e-02 4.8666959e-02
-2.3807572e-02 4.8661288e-02
-2.3794232e-02 4.8649407e-02
-2.3780864e-02 4.8661288e-02
-2.3794232e-02 4.8649407e-02
-2.3807600e-02 4.8637525e-02
-2.3794254e-02 4.8630751e-02
-2.3807616e-02 4.8623976e-02
-2.3821121e-02 4.8623027e-02
-2.3807618e-02 4.8622078e-02
-2.3794293e-02 4.8596813e-02
-2.3780968e-02 4.8571547e-02
-2.3780494e-02 4.8553301e-02
-2.3781010e-02 4.8535054e-02
-2.3794366e-02 4.8534170e-02
-2.3807721e-02 4.8533286e-02
-2.3821231e-02 4.8528066e-02
-2.3834742e-02 4.8522845e-02
-2.3846857e-02 4.8471482e-02
-2.3858972e-02 4.8420118e-02
-2.3859703e-02 4.8413587e-02
-2.3860435e-02 4.8407057e-02
-2.3889766e-02 4.8383066e-02
-2.3860490e-02 4.8359076e-02
-2.3859771e-02 4.8355130e-02
-2.3859051e-02 4.8351185e-02
-2.3847017e-02 4.8332603e-02
-2.3834983e-02 4.8314021e-02
-2.3847017e-02 4.8332603e-02
-2.3834983e-02 4.8314021e-02
-2.3847074e-02 4.8282992e-02
-2.3859094e-02 4.8314021e-02
-2.3859797e-02 4.8332603e-02
-2.3860500e-02 4.8351185e-02
-2.3889824e-02 4.8332603e-02
-2.3919106e-02 4.8351185e-02
-2.3944985e-02 4.8355130e-02
-2.3970864e-02 4.8359076e-02
-2.3982036e-02 4.8355130e-02
-2.3993198e-02 4.8359076e-02
-2.3982003e-02 4.8383066e-02
-2.3993143e-02 4.8407057e-02
-2.3982003e-02 4.8383066e-02
-2.3970864e-02 4.8359076e-02
-2.3982036e-02 4.8355130e-02
-2.3993208e-02 4.8351185e-02
-2.3995183e-02 4.8332603e-02
-2.3997158e-02 4.8314021e-02
-2.4013663e-02 4.8282992e-02
-2.3997158e-02 4.8314021e-02
-2.3995183e-02 4.8332603e-02
-2.3993208e-02 4.8351185e-02
-2.3995157e-02 4.8355130e-02
-2.3997106e-02 4.8359076e-02
-2.4013547e-02 4.8383066e-02
-2.4030044e-02 4.8359076e-02
-2.4058804e-02 4.8355130e-02
-2.4087565e-02 4.8351185e-02
-2.4093908e-02 4.8355130e-02
-2.4100252e-02 4.8359076e-02
-2.4123920e-02 4.8383066e-02
-2.4147587e-02 4.8407057e-02
-2.4148326e-02 4.8383066e-02
-2.4149064e-02 4.8359076e-02
-2.4174432e-02 4.8355130e-02
-2.4199800e-02 4.8351185e-02
-2.4204293e-02 4.8332603e-02
-2.4208786e-02 4.8314021e-02
-2.4215633e-02 4.8282992e-02
-2.4222480e-02 4.8251964e-02
-2.4244373e-02 4.8282992e-02
-2.4266266e-02 4.8314021e-02
-2.4285979e-02 4.8332603e-02
-2.4305735e-02 4.8314021e-02
-2.4373223e-02 4.8282992e-02
-2.4440711e-02 4.8251964e-02
-2.4447249e-02 4.8248316e-02
-2.4453787e-02 4.8244669e-02
-2.4454299e-02 4.8248316e-02
-2.4454811e-02 4.8251964e-02
-2.4455449e-02 4.8282992e-02
-2.4456087e-02 4.8314021e-02
-2.4483032e-02 4.8332603e-02
-2.4510020e-02 4.8314021e-02
-2.4527391e-02 4.8282992e-02
-2.4544762e-02 4.8251964e-02
-2.4547289e-02 4.8248316e-02
-2.4549816e-02 4.8244669e-02
-2.4568796e-02 4.8238740e-02
-2.4587775e-02 4.8232810e-02
-2.4588391e-02 4.8231249e-02
-2.4589003e-02 4.8232810e-02
-2.4592932e-02 4.8238740e-02
-2.4596861e-02 4.8244669e-02
-2.4614583e-02 4.8238740e-02
-2.4632290e-02 4.8244669e-02
-2.4634273e-02 4.8238740e-02
-2.4636242e-02 4.8244669e-02
-2.4644416e-02 4.8248316e-02
-2.4652591e-02 4.8251964e-02
-2.4644375e-02 4.8282992e-02
-2.4636159e-02 4.8314021e-02
-2.4634221e-02 4.8282992e-02
-2.4632208e-02 4.8314021e-02
-2.4634221e-02 4.8282992e-02
-2.4632208e-02 4.8314021e-02
-2.4614530e-02 4.8282992e-02
-2.4596853e-02 4.8251964e-02
-2.4592879e-02 4.8282992e-02
-2.4588980e-02 4.8251964e-02
-2.4588371e-02 4.8248316e-02
-2.4587761e-02 4.8244669e-02
-2.4568796e-02 4.8238740e-02
-2.4587775e-02 4.8232810e-02
-2.4588391e-02 4.8231249e-02
-2.4589006e-02 4.8229687e-02
-2.4592941e-02 4.8231249e-02
-2.4596875e-02 4.8232810e-02
-2.4614592e-02 4.8231249e-02
-2.4632304e-02 4.8232810e-02
-2.4634273e-02 4.8238740e-02
-2.4636256e-02 4.8232810e-02
-2.4644428e-02 4.8238740e-02
-2.4652613e-02 4.8232810e-02
-2.4655323e-02 4.8231249e-02
-2.4658030e-02 4.8232810e-02
-2.4663721e-02 4.8231249e-02
-2.4669413e-02 4.8229687e-02
-2.4677236e-02 4.8231249e-02
-2.4685058e-02 4.8232810e-02
-2.4738674e-02 4.8238740e-02
-2.4792290e-02 4.8244669e-02
-2.4800332e-02 4.8248316e-02
-2.4808382e-02 4.8244669e-02
-2.4822054e-02 4.8248316e-02
-2.4835734e-02 4.8244669e-02
-2.4840172e-02 4.8248316e-02
-2.4844619e-02 4.8244669e-02
-2.4849677e-02 4.8248316e-02
-2.4844610e-02 4.8251964e-02
-2.4849677e-02 4.8248316e-02
-2.4844610e-02 4.8251964e-02
-2.4840130e-02 4.8282992e-02
-2.4844610e-02 4.8251964e-02
-2.4849677e-02 4.8248316e-02
-2.4854745e-02 4.8244669e-02
-2.4859182e-02 4.8238740e-02
-2.4863605e-02 4.8244669e-02
-2.4877795e-02 4.8248316e-02
-2.4891984e-02 4.8251964e-02
-2.4902673e-02 4.8282992e-02
-2.4891909e-02 4.8314021e-02
-2.4902633e-02 4.8316078e-02
-2.4913361e-02 4.8314021e-02
-2.4913448e-02 4.8282992e-02
-2.4913535e-02 4.8251964e-02
-2.4995696e-02 4.8248316e-02
-2.5077848e-02 4.8251964e-02
-2.5085250e-02 4.8248316e-02
-2.5092642e-02 4.8251964e-02
-2.5093139e-02 4.8282992e-02
-2.5093636e-02 4.8314021e-02
-2.5093099e-02 4.8316078e-02
-2.5093631e-02 4.8318135e-02
-2.5117237e-02 4.8334660e-02
-2.5140842e-02 4.8351185e-02
-2.5157936e-02 4.8355130e-02
-2.5175029e-02 4.8359076e-02
-2.5157936e-02 4.8355130e-02
-2.5175029e-02 4.8359076e-02
-2.5213869e-02 4.8383066e-02
-2.5174971e-02 4.8407057e-02
-2.5213831e-02 4.8413587e-02
-2.5252708e-02 4.8407057e-02
-2.5272523e-02 4.8383066e-02
-2.5292280e-02 4.8407057e-02
-2.5272486e-02 4.8413587e-02
-2.5292280e-02 4.8407057e-02
-2.5300873e-02 4.8413587e-02
-2.5292280e-02 4.8407057e-02
-2.5272486e-02 4.8413587e-02
-2.5252708e-02 4.8407057e-02
-2.5213869e-02 4.8383066e-02
-2.5174971e-02 4.8407057e-02
-2.5213869e-02 4.8383066e-02
-2.5252766e-02 4.8359076e-02
-2.5213903e-02 4.8355130e-02
-2.5252776e-02 4.8351185e-02
-2.5213928e-02 4.8334660e-02
-2.5252816e-02 4.8318135e-02
-2.5272582e-02 4.8334660e-02
-2.5292388e-02 4.8318135e-02
-2.5300993e-02 4.8316078e-02
-2.5309597e-02 4.8314021e-02
-2.5314762e-02 4.8282992e-02
-2.5309597e-02 4.8314021e-02
-2.5314721e-02 4.8316078e-02
-2.5319845e-02 4.8318135e-02
-2.5324688e-02 4.8334660e-02
-2.5329531e-02 4.8351185e-02
-2.5337543e-02 4.8355130e-02
-2.5345554e-02 4.8359076e-02
-2.5348172e-02 4.8355130e-02
-2.5345554e-02 4.8359076e-02
-2.5348172e-02 4.8355130e-02
-2.5350780e-02 4.8359076e-02
-2.5348172e-02 4.8355130e-02
-2.5350780e-02 4.8359076e-02
-2.5348172e-02 4.8355130e-02
-2.5350780e-02 4.8359076e-02
-2.5348172e-02 4.8355130e-02
-2.5345554e-02 4.8359076e-02
-2.5348172e-02 4.8355130e-02
-2.5350790e-02 4.8351185e-02
-2.5357761e-02 4.8343077e-02
-2.5364713e-02 4.8351185e-02
-2.5372279e-02 4.8355130e-02
-2.5379846e-02 4.8359076e-02
-2.5383204e-02 4.8383066e-02
-2.5386562e-02 4.8407057e-02
-2.5387801e-02 4.8410998e-02
-2.5389039e-02 4.8414939e-02
-2.5403497e-02 4.8410998e-02
-2.5417956e-02 4.8407057e-02
-2.5420538e-02 4.8383066e-02
-2.5418015e-02 4.8359076e-02
-2.5403566e-02 4.8355130e-02
-2.5418015e-02 4.8359076e-02
-2.5403532e-02 4.8383066e-02
-2.5389048e-02 4.8407057e-02
-2.5387801e-02 4.8410998e-02
-2.5389048e-02 4.8407057e-02
-2.5403532e-02 4.8383066e-02
-2.5389107e-02 4.8359076e-02
-2.5387869e-02 4.8355130e-02
-2.5389117e-02 4.8351185e-02
-2.5403581e-02 4.8343077e-02
-2.5389117e-02 4.8351185e-02
-2.5403566e-02 4.8355130e-02
-2.5418015e-02 4.8359076e-02
-2.5403566e-02 4.8355130e-02
-2.5418015e-02 4.8359076e-02
-2.5420573e-02 4.8355130e-02
-2.5423131e-02 4.8351185e-02
-2.5432942e-02 4.8343077e-02
-2.5442754e-02 4.8334970e-02
-2.5447785e-02 4.8343077e-02
-2.5452816e-02 4.8351185e-02
-2.5447770e-02 4.8355130e-02
-2.5442724e-02 4.8359076e-02
-2.5440525e-02 4.8383066e-02
-2.5442724e-02 4.8359076e-02
-2.5447770e-02 4.8355130e-02
-2.5452816e-02 4.8351185e-02
-2.5465998e-02 4.8343077e-02
-2.5479180e-02 4.8334970e-02
-2.5486993e-02 4.8326552e-02
-2.5494786e-02 4.8334970e-02
-2.5497624e-02 4.8343077e-02
-2.5500482e-02 4.8334970e-02
-2.5535163e-02 4.8326552e-02
-2.5569843e-02 4.8318135e-02
-2.5590064e-02 4.8316078e-02
-2.5610284e-02 4.8314021e-02
-2.5590064e-02 4.8316078e-02
-2.5610284e-02 4.8314021e-02
-2.5590105e-02 4.8282992e-02
-2.5569848e-02 4.8314021e-02
-2.5590105e-02 4.8282992e-02
-2.5569848e-02 4.8314021e-02
-2.5535175e-02 4.8316078e-02
-2.5569848e-02 4.8314021e-02
-2.5590105e-02 4.8282992e-02
-2.5610361e-02 4.8251964e-02
-2.5628600e-02 4.8248316e-02
-2.5646840e-02 4.8244669e-02
-2.5628600e-02 4.8248316e-02
-2.5646831e-02 4.8251964e-02
-2.5628600e-02 4.8248316e-02
-2.5610361e-02 4.8251964e-02
-2.5590147e-02 4.8248316e-02
-2.5569925e-02 4.8251964e-02
-2.5590147e-02 4.8248316e-02
-2.5610370e-02 4.8244669e-02
-2.5628612e-02 4.8238740e-02
-2.5610384e-02 4.8232810e-02
-2.5590168e-02 4.8231249e-02
-2.5569949e-02 4.8232810e-02
-2.5590159e-02 4.8238740e-02
-2.5610370e-02 4.8244669e-02
-2.5590147e-02 4.8248316e-02
-2.5569925e-02 4.8251964e-02
-2.5590147e-02 4.8248316e-02
-2.5610370e-02 4.8244669e-02
-2.5628612e-02 4.8238740e-02
-2.5646854e-02 4.8232810e-02
-2.5654333e-02 4.8238740e-02
-2.5661827e-02 4.8232810e-02
-2.5654333e-02 4.8238740e-02
-2.5661812e-02 4.8244669e-02
-2.5654321e-02 4.8248316e-02
-2.5646831e-02 4.8251964e-02
-2.5628600e-02 4.8248316e-02
-2.5646840e-02 4.8244669e-02
-2.5628600e-02 4.8248316e-02
-2.5646840e-02 4.8244669e-02
-2.5654321e-02 4.8248316e-02
-2.5661803e-02 4.8251964e-02
-2.5654278e-02 4.8282992e-02
-2.5646754e-02 4.8314021e-02
-2.5628516e-02 4.8316078e-02
-2.5610279e-02 4.8318135e-02
-2.5628516e-02 4.8316078e-02
-2.5610279e-02 4.8318135e-02
-2.5628516e-02 4.8316078e-02
-2.5610279e-02 4.8318135e-02
-2.5628503e-02 4.8326552e-02
-2.5610258e-02 4.8334970e-02
-2.5628483e-02 4.8343077e-02
-2.5610238e-02 4.8351185e-02
-2.5590015e-02 4.8355130e-02
-2.5569793e-02 4.8359076e-02
-2.5590010e-02 4.8359664e-02
-2.5569791e-02 4.8360252e-02
-2.5590010e-02 4.8359664e-02
-2.5610228e-02 4.8359076e-02
-2.5590010e-02 4.8359664e-02
-2.5569793e-02 4.8359076e-02
-2.5535122e-02 4.8359664e-02
-2.5500451e-02 4.8360252e-02
-2.5535092e-02 4.8383654e-02
-2.5500451e-02 4.8360252e-02
-2.5497603e-02 4.8359664e-02
-2.5500452e-02 4.8359076e-02
-2.5497603e-02 4.8359664e-02
-2.5500452e-02 4.8359076e-02
-2.5535122e-02 4.8359664e-02
-2.5500452e-02 4.8359076e-02
-2.5497603e-02 4.8359664e-02
-2.5494756e-02 4.8359076e-02
-2.5486958e-02 4.8355130e-02
-2.5479160e-02 4.8351185e-02
-2.5486973e-02 4.8343077e-02
-2.5494786e-02 4.8334970e-02
-2.5497644e-02 4.8326552e-02
-2.5500502e-02 4.8318135e-02
-2.5535175e-02 4.8316078e-02
-2.5500508e-02 4.8314021e-02
-2.5497660e-02 4.8314021e-02
-2.5494812e-02 4.8314021e-02
-2.5487009e-02 4.8314021e-02
-2.5479206e-02 4.8314021e-02
-2.5487047e-02 4.8282992e-02
-2.5494888e-02 4.8251964e-02
-2.5497741e-02 4.8248316e-02
-2.5500584e-02 4.8251964e-02
-2.5535216e-02 4.8282992e-02
-2.5569848e-02 4.8314021e-02
-2.5590066e-02 4.8314021e-02
-2.5569848e-02 4.8314021e-02
-2.5590066e-02 4.8314021e-02
-2.5610284e-02 4.8314021e-02
-2.5628519e-02 4.8314021e-02
-2.5646754e-02 4.8314021e-02
-2.5654278e-02 4.8282992e-02
-2.5661803e-02 4.8251964e-02
-2.5669161e-02 4.8248316e-02
-2.5676518e-02 4.8244669e-02
-2.5669161e-02 4.8248316e-02
-2.5661812e-02 4.8244669e-02
-2.5654333e-02 4.8238740e-02
-2.5661827e-02 4.8232810e-02
-2.5654342e-02 4.8231249e-02
-2.5646858e-02 4.8229687e-02
-2.5654342e-02 4.8231249e-02
-2.5646858e-02 4.8229687e-02
-2.5628632e-02 4.8222553e-02
-2.5646876e-02 4.8215419e-02
-2.5628632e-02 4.8222553e-02
-2.5610406e-02 4.8215419e-02
-2.5628648e-02 4.8209903e-02
-2.5610419e-02 4.8204387e-02
-2.5590210e-02 4.8197734e-02
-2.5570000e-02 4.8191081e-02
-2.5590219e-02 4.8189922e-02
-2.5610439e-02 4.8188763e-02
-2.5590219e-02 4.8189922e-02
-2.5570003e-02 4.8188763e-02
-2.5535331e-02 4.8189922e-02
-2.5500659e-02 4.8191081e-02
-2.5497812e-02 4.8189922e-02
-2.5500662e-02 4.8188763e-02
-2.5535340e-02 4.8182804e-02
-2.5500662e-02 4.8188763e-02
-2.5535340e-02 4.8182804e-02
-2.5570003e-02 4.8188763e-02
-2.5590219e-02 4.8189922e-02
-2.5610439e-02 4.8188763e-02
-2.5590228e-02 4.8182804e-02
-2.5570003e-02 4.8188763e-02
-2.5535340e-02 4.8182804e-02
-2.5500662e-02 4.8188763e-02
-2.5497821e-02 4.8182804e-02
-2.5500676e-02 4.8176846e-02
-2.5535354e-02 4.8171356e-02
-2.5500676e-02 4.8176846e-02
-2.5497835e-02 4.8171356e-02
-2.5500690e-02 4.8165866e-02
-2.5497835e-02 4.8171356e-02
-2.5494981e-02 4.8176846e-02
-2.5487170e-02 4.8182804e-02
-2.5479374e-02 4.8176846e-02
-2.5487170e-02 4.8182804e-02
-2.5494981e-02 4.8176846e-02
-2.5497835e-02 4.8171356e-02
-2.5500690e-02 4.8165866e-02
-2.5497835e-02 4.8171356e-02
-2.5500676e-02 4.8176846e-02
-2.5497821e-02 4.8182804e-02
-2.5494966e-02 4.8188763e-02
-2.5487161e-02 4.8189922e-02
-2.5479357e-02 4.8191081e-02
-2.5466177e-02 4.8197734e-02
-2.5479357e-02 4.8191081e-02
-2.5487152e-02 4.8197734e-02
-2.5494963e-02 4.8191081e-02
-2.5497803e-02 4.8197734e-02
-2.5494963e-02 4.8191081e-02
-2.5487161e-02 4.8189922e-02
-2.5479360e-02 4.8188763e-02
-2.5466186e-02 4.8189922e-02
-2.5453015e-02 4.8188763e-02
-2.5447982e-02 4.8182804e-02
-2.5453030e-02 4.8176846e-02
-2.5466209e-02 4.8171356e-02
-2.5479374e-02 4.8176846e-02
-2.5487170e-02 4.8182804e-02
-2.5494966e-02 4.8188763e-02
-2.5497812e-02 4.8189922e-02
-2.5500659e-02 4.8191081e-02
-2.5535321e-02 4.8197734e-02
-2.5569984e-02 4.8204387e-02
-2.5590210e-02 4.8197734e-02
-2.5610436e-02 4.8191081e-02
-2.5628663e-02 4.8197734e-02
-2.5646889e-02 4.8204387e-02
-2.5650770e-02 4.8209903e-02
-2.5646876e-02 4.8215419e-02
-2.5650762e-02 4.8216148e-02
-2.5646874e-02 4.8216877e-02
-2.5628631e-02 4.8223282e-02
-2.5610388e-02 4.8229687e-02
-2.5628631e-02 4.8223282e-02
-2.5646874e-02 4.8216877e-02
-2.5650762e-02 4.8216148e-02
-2.5654651e-02 4.8215419e-02
-2.5658249e-02 4.8216148e-02
-2.5661848e-02 4.8215419e-02
-2.5669200e-02 4.8216148e-02
-2.5676553e-02 4.8216877e-02
-2.5683877e-02 4.8223282e-02
-2.5691217e-02 4.8216877e-02
-2.5704763e-02 4.8216148e-02
-2.5718309e-02 4.8215419e-02
-2.5733171e-02 4.8209903e-02
-2.5718323e-02 4.8204387e-02
-2.5704786e-02 4.8197734e-02
-2.5691249e-02 4.8191081e-02
-2.5683918e-02 4.8189922e-02
-2.5676588e-02 4.8188763e-02
-2.5669233e-02 4.8189922e-02
-2.5661881e-02 4.8188763e-02
-2.5658281e-02 4.8189922e-02
-2.5661881e-02 4.8188763e-02
-2.5658281e-02 4.8189922e-02
-2.5654684e-02 4.8188763e-02
-2.5650795e-02 4.8189922e-02
-2.5654681e-02 4.8191081e-02
-2.5650785e-02 4.8197734e-02
-2.5646889e-02 4.8204387e-02
-2.5628648e-02 4.8209903e-02
-2.5610406e-02 4.8215419e-02
-2.5590187e-02 4.8216148e-02
-2.5610406e-02 4.8215419e-02
-2.5590187e-02 4.8216148e-02
-2.5569968e-02 4.8216877e-02
-2.5535290e-02 4.8223282e-02
-2.5500627e-02 4.8216877e-02
-2.5497771e-02 4.8223282e-02
-2.5494916e-02 4.8229687e-02
-2.5487111e-02 4.8231249e-02
-2.5479310e-02 4.8229687e-02
-2.5487111e-02 4.8231249e-02
-2.5479306e-02 4.8232810e-02
-2.5487111e-02 4.8231249e-02
-2.5494916e-02 4.8229687e-02
-2.5497771e-02 4.8223282e-02
-2.5494916e-02 4.8229687e-02
-2.5497762e-02 4.8231249e-02
-2.5494912e-02 4.8232810e-02
-2.5487101e-02 4.8238740e-02
-2.5479291e-02 4.8244669e-02
-2.5487101e-02 4.8238740e-02
-2.5494912e-02 4.8232810e-02
-2.5497762e-02 4.8231249e-02
-2.5500611e-02 4.8229687e-02
-2.5535290e-02 4.8223282e-02
-2.5500627e-02 4.8216877e-02
-2.5535290e-02 4.8223282e-02
-2.5500611e-02 4.8229687e-02
-2.5497762e-02 4.8231249e-02
-2.5500608e-02 4.8232810e-02
-2.5535280e-02 4.8231249e-02
-2.5569953e-02 4.8229687e-02
-2.5590178e-02 4.8223282e-02
-2.5610404e-02 4.8216877e-02
-2.5590187e-02 4.8216148e-02
-2.5569970e-02 4.8215419e-02
-2.5590187e-02 4.8216148e-02
-2.5610404e-02 4.8216877e-02
-2.5628631e-02 4.8223282e-02
-2.5610404e-02 4.8216877e-02
-2.5628640e-02 4.8216148e-02
-2.5646876e-02 4.8215419e-02
-2.5650770e-02 4.8209903e-02
-2.5654665e-02 4.8204387e-02
-2.5658271e-02 4.8197734e-02
-2.5661878e-02 4.8191081e-02
-2.5658281e-02 4.8189922e-02
-2.5654682e-02 4.8190565e-02
-2.5650795e-02 4.8189664e-02
-2.5646909e-02 4.8188763e-02
-2.5650804e-02 4.8182804e-02
-2.5654699e-02 4.8176846e-02
-2.5650818e-02 4.8171356e-02
-2.5646937e-02 4.8165866e-02
-2.5628709e-02 4.8159953e-02
-2.5610482e-02 4.8154039e-02
-2.5590268e-02 4.8150612e-02
-2.5570054e-02 4.8147186e-02
-2.5590272e-02 4.8146913e-02
-2.5570055e-02 4.8146640e-02
-2.5590274e-02 4.8145494e-02
