2.7970106e-02 3.9410740e-02
2.7970106e-02 3.9410740e-02
2.7970106e-02 3.9410740e-02
-1.5231928e-01 1.7504831e-01
2.6467567e-02 3.9410740e-02
2.7224328e-02 3.3923632e-02
2.6467567e-02 3.9410740e-02
-1.8886962e-02 7.2180231e-02
-6.3930981e-02 1.0479522e-01
-3.7477175e-02 8.4681333e-02
-6.3930981e-02 1.0479522e-01
-7.0500354e-02 1.0890656e-01
-6.3930981e-02 1.0479522e-01
-3.7477175e-02 8.4681333e-02
-3.7477175e-02 8.4681333e-02
-3.7477175e-02 8.4681333e-02
-1.0864710e-02 6.4498537e-02
-1.4023695e-02 6.6515321e-02
-1.4023695e-02 6.6515321e-02
-1.7181494e-02 6.8531563e-02
-1.4023695e-02 6.6515321e-02
-1.7186110e-02 6.4498537e-02
-1.7942751e-02 6.6515321e-02
-1.8699096e-02 6.8531563e-02
-4.1378621e-02 8.6691961e-02
-6.3930981e-02 1.0479522e-01
-4.1378621e-02 8.6691961e-02
-4.1378621e-02 8.6691961e-02
-6.3930981e-02 1.0479522e-01
-4.4303735e-02 8.6691961e-02
-2.4565599e-02 6.8531563e-02
-2.1635482e-02 6.6515321e-02
-1.8704119e-02 6.4498537e-02
-2.1635482e-02 6.6515321e-02
-2.4565599e-02 6.8531563e-02
-2.6884829e-02 7.3515640e-02
-2.9201402e-02 7.8496060e-02
-4.6605258e-02 9.1661533e-02
-2.9201402e-02 7.8496060e-02
-2.9201402e-02 7.8496060e-02
-3.2219804e-02 7.4598189e-02
-2.9218416e-02 7.0698045e-02
-2.8313289e-02 6.9614886e-02
-2.7407947e-02 6.8531563e-02
-2.6381195e-02 6.6515321e-02
-2.5532681e-02 6.4498537e-02
-2.6470517e-02 6.6515321e-02
-2.5810148e-02 6.4498537e-02
-2.5672214e-02 6.4014836e-02
-2.5810148e-02 6.4498537e-02
-2.5672214e-02 6.4014836e-02
-2.5534264e-02 6.3531105e-02
-2.5672214e-02 6.4014836e-02
-2.5534264e-02 6.3531105e-02
-2.5672214e-02 6.4014836e-02
-2.5534264e-02 6.3531105e-02
-2.5672214e-02 6.4014836e-02
-2.5534264e-02 6.3531105e-02
-2.5672214e-02 6.4014836e-02
-2.5534264e-02 6.3531105e-02
-2.5445863e-02 6.2945791e-02
-2.5357446e-02 6.2360434e-02
-2.4967077e-02 6.1984673e-02
-2.5357446e-02 6.2360434e-02
-2.5445863e-02 6.2945791e-02
-2.5357446e-02 6.2360434e-02
-2.4967077e-02 6.1984673e-02
-2.4967077e-02 6.1984673e-02
-2.4967077e-02 6.1984673e-02
-2.4967077e-02 6.1984673e-02
-2.4967077e-02 6.1984673e-02
-2.4967077e-02 6.1984673e-02
-2.4967077e-02 6.1984673e-02
-2.4967077e-02 6.1984673e-02
-2.4967077e-02 6.1984673e-02
-2.4967077e-02 6.1984673e-02
-2.4967077e-02 6.1984673e-02
-2.4967077e-02 6.1984673e-02
-2.4967077e-02 6.1984673e-02
-2.4967077e-02 6.1984673e-02
-2.4967077e-02 6.1984673e-02
-2.4967077e-02 6.1984673e-02
-2.4967077e-02 6.1984673e-02
-2.4967077e-02 6.1984673e-02
-2.4575533e-02 6.2360434e-02
-2.4575533e-02 6.2360434e-02
-2.2158554e-02 6.1984673e-02
-1.9741201e-02 6.1608894e-02
-2.2159600e-02 6.1219484e-02
-2.4576678e-02 6.1608894e-02
-2.4968255e-02 6.1219484e-02
-2.5359839e-02 6.0830056e-02
-2.5448593e-02 6.1219484e-02
-2.5537338e-02 6.1608894e-02
-2.5675501e-02 6.1984673e-02
-2.5813652e-02 6.2360434e-02
-2.6615380e-02 6.2945791e-02
-2.7417007e-02 6.3531105e-02
-2.8082450e-02 6.4014836e-02
-2.8747821e-02 6.4498537e-02
-2.8990151e-02 6.4014836e-02
-2.9232486e-02 6.3531105e-02
-3.1906548e-02 6.2945791e-02
-3.4580339e-02 6.2360434e-02
-3.4920217e-02 6.1984673e-02
-3.5260097e-02 6.1608894e-02
-3.5260097e-02 6.1608894e-02
-3.4921863e-02 6.1219484e-02
-3.4581951e-02 6.1608894e-02
-3.1909969e-02 6.1219484e-02
-2.9237400e-02 6.0830056e-02
-2.8996220e-02 6.0659445e-02
-2.8755031e-02 6.0488831e-02
-2.8091678e-02 5.8662497e-02
-2.8755244e-02 6.0366127e-02
-2.8091779e-02 5.8601133e-02
-2.7428064e-02 5.6835772e-02
-2.6626671e-02 5.5807857e-02
-2.5825124e-02 5.4779824e-02
-2.5686563e-02 5.4600069e-02
-2.5547998e-02 5.4420310e-02
-2.5458638e-02 5.4396922e-02
-2.5369278e-02 5.4373534e-02
-2.4980436e-02 5.2659367e-02
-2.4591442e-02 5.0944891e-02
-2.2173360e-02 5.0071547e-02
-1.9754791e-02 4.9198126e-02
-1.9503257e-02 4.8259965e-02
-1.9756581e-02 4.7321718e-02
-2.2177795e-02 4.5905965e-02
-1.9759150e-02 4.4490027e-02
-1.9508811e-02 4.1950654e-02
-1.9258290e-02 3.9410740e-02
-1.8993420e-02 3.9399901e-02
-1.8728548e-02 3.9389062e-02
-1.7969326e-02 3.8296226e-02
-1.7209998e-02 3.7203298e-02
-1.6215083e-02 3.6939713e-02
-1.7210333e-02 3.6676122e-02
-1.7970654e-02 3.6315663e-02
-1.7210784e-02 3.5955194e-02
-1.6215888e-02 3.5571138e-02
-1.5220930e-02 3.5187072e-02
-1.4703947e-02 3.4643790e-02
-1.5221503e-02 3.4100488e-02
-1.6216416e-02 3.4643790e-02
-1.5221503e-02 3.4100488e-02
-1.4704477e-02 3.3588785e-02
-1.4187421e-02 3.3077065e-02
-1.2738268e-02 3.2513932e-02
-1.1289005e-02 3.1950779e-02
-1.2738809e-02 3.1181822e-02
-1.1289547e-02 3.0412829e-02
-1.1190056e-02 2.9459375e-02
-1.1090550e-02 2.8505868e-02
-1.0986748e-02 2.8470174e-02
-1.0882946e-02 2.8434480e-02
-1.0986787e-02 2.8346067e-02
-1.0883000e-02 2.8257654e-02
-1.0711745e-02 2.7956004e-02
-1.0540486e-02 2.7654349e-02
-9.9965908e-03 2.7642715e-02
-1.0540493e-02 2.7631081e-02
-9.9967333e-03 2.7121911e-02
-9.4529506e-03 2.6612728e-02
-9.4180778e-03 2.6133426e-02
-9.4531874e-03 2.5654112e-02
-9.4182172e-03 2.5560747e-02
-9.3832467e-03 2.5467380e-02
-9.2326202e-03 2.5074295e-02
-9.0819888e-03 2.4681201e-02
-8.8104239e-03 2.4576975e-02
-8.5388561e-03 2.4472748e-02
-8.3531968e-03 2.3648328e-02
-8.1675240e-03 2.2823875e-02
-8.3531968e-03 2.3648328e-02
-8.5388561e-03 2.4472748e-02
-8.8104239e-03 2.4576975e-02
-8.5388124e-03 2.4681201e-02
-8.3529066e-03 2.5074295e-02
-8.5386440e-03 2.5467380e-02
-8.8102066e-03 2.5560747e-02
-8.5386440e-03 2.5467380e-02
-8.8103151e-03 2.5074295e-02
-9.0818098e-03 2.5467380e-02
-9.0893269e-03 2.5074295e-02
-9.0968427e-03 2.4681201e-02
-9.0893269e-03 2.5074295e-02
-9.0968427e-03 2.4681201e-02
-9.2400470e-03 2.5074295e-02
-9.3832467e-03 2.5467380e-02
-9.2400470e-03 2.5074295e-02
-9.3832467e-03 2.5467380e-02
-9.4182333e-03 2.5493871e-02
-9.4532198e-03 2.5520361e-02
-9.4182333e-03 2.5493871e-02
-9.4532198e-03 2.5520361e-02
-9.4182333e-03 2.5493871e-02
-9.3832467e-03 2.5467380e-02
-9.4182333e-03 2.5493871e-02
-9.4532198e-03 2.5520361e-02
-9.5734304e-03 2.5587237e-02
-9.6936402e-03 2.5654112e-02
-9.7080716e-03 2.6133426e-02
-9.7225003e-03 2.6612728e-02
-9.8022147e-03 2.6803870e-02
-9.8819278e-03 2.6995011e-02
-9.8020797e-03 2.7313049e-02
-9.8817561e-03 2.7631081e-02
-9.8019909e-03 2.7642715e-02
-9.8817498e-03 2.7654349e-02
-1.0169209e-02 2.7956004e-02
-1.0456661e-02 2.8257654e-02
-1.0498458e-02 2.8346067e-02
-1.0540255e-02 2.8434480e-02
-1.0711590e-02 2.8470174e-02
-1.0882924e-02 2.8505868e-02
-1.0711478e-02 2.8834971e-02
-1.0882717e-02 2.9164067e-02
-1.0986387e-02 2.9601840e-02
-1.1090052e-02 3.0039601e-02
-1.0986182e-02 3.0226216e-02
-1.1089927e-02 3.0412829e-02
-1.1113661e-02 3.1090599e-02
-1.1137389e-02 3.1768340e-02
-1.1113392e-02 3.1859560e-02
-1.1089459e-02 3.1768340e-02
-1.0985625e-02 3.1859560e-02
-1.1089395e-02 3.1950779e-02
-1.1113158e-02 3.2513932e-02
-1.1088989e-02 3.3077065e-02
-1.1112772e-02 3.3564923e-02
-1.1088989e-02 3.3077065e-02
-1.0985151e-02 3.3185369e-02
-1.0881313e-02 3.3293673e-02
-1.0984972e-02 3.3673224e-02
-1.1088626e-02 3.4052766e-02
-1.0984821e-02 3.4076627e-02
-1.0881017e-02 3.4100488e-02
-1.0984655e-02 3.4519591e-02
-1.1088287e-02 3.4938681e-02
-1.1112247e-02 3.4941471e-02
-1.1088287e-02 3.4938681e-02
-1.1112247e-02 3.4941471e-02
-1.1088284e-02 3.4944261e-02
-1.1112200e-02 3.5064591e-02
-1.1136114e-02 3.5184920e-02
-1.1112200e-02 3.5064591e-02
-1.1136208e-02 3.4944261e-02
-1.1162893e-02 3.4941471e-02
-1.1189578e-02 3.4938681e-02
-1.1162968e-02 3.4749019e-02
-1.1189725e-02 3.4559354e-02
-1.1163130e-02 3.4329923e-02
-1.1189902e-02 3.4100488e-02
-1.1163226e-02 3.4076627e-02
-1.1136551e-02 3.4052766e-02
-1.1112731e-02 3.3673224e-02
-1.1088909e-02 3.3293673e-02
-1.1112731e-02 3.3673224e-02
-1.1136551e-02 3.4052766e-02
-1.1163379e-02 3.3673224e-02
-1.1136836e-02 3.3293673e-02
-1.1112731e-02 3.3673224e-02
-1.1088909e-02 3.3293673e-02
-1.0985151e-02 3.3185369e-02
-1.1088989e-02 3.3077065e-02
-1.0985359e-02 3.2609519e-02
-1.1089327e-02 3.2141959e-02
-1.0985559e-02 3.2046369e-02
-1.0881790e-02 3.1950779e-02
-1.0827900e-02 3.1859560e-02
-1.0774009e-02 3.1768340e-02
-1.0672941e-02 3.1548493e-02
-1.0774049e-02 3.1652429e-02
-1.0827951e-02 3.1710385e-02
-1.0881853e-02 3.1768340e-02
-1.0827900e-02 3.1859560e-02
-1.0773946e-02 3.1950779e-02
-1.0672772e-02 3.2046369e-02
-1.0773880e-02 3.2141959e-02
-1.0827835e-02 3.2046369e-02
-1.0881790e-02 3.1950779e-02
-1.0827900e-02 3.1859560e-02
-1.0881853e-02 3.1768340e-02
-1.0985625e-02 3.1859560e-02
-1.0881853e-02 3.1768340e-02
-1.0827951e-02 3.1710385e-02
-1.0881853e-02 3.1768340e-02
-1.0985639e-02 3.1818024e-02
-1.0881853e-02 3.1768340e-02
-1.0827914e-02 3.1818024e-02
-1.0810551e-02 3.1867707e-02
-1.0792280e-02 3.1818024e-02
-1.0810551e-02 3.1867707e-02
-1.0792249e-02 3.1909243e-02
-1.0773975e-02 3.1867707e-02
-1.0672849e-02 3.1818024e-02
-1.0571723e-02 3.1768340e-02
-1.0555480e-02 3.1710385e-02
-1.0539197e-02 3.1768340e-02
-1.0497397e-02 3.1710385e-02
-1.0455597e-02 3.1652429e-02
-1.0357078e-02 3.1710385e-02
-1.0455597e-02 3.1652429e-02
-1.0357128e-02 3.1558854e-02
-1.0258597e-02 3.1652429e-02
-1.0069618e-02 3.1558854e-02
-9.8806364e-03 3.1465279e-02
-9.8009044e-03 3.1396960e-02
-9.7211718e-03 3.1328642e-02
-9.7067273e-03 3.0981622e-02
-9.7211718e-03 3.1328642e-02
-9.7066987e-03 3.1076523e-02
-9.6920728e-03 3.1328642e-02
-9.7066015e-03 3.1396960e-02
-9.6920728e-03 3.1328642e-02
-9.6835467e-03 3.1396960e-02
-9.6920312e-03 3.1465279e-02
-9.7065520e-03 3.1558854e-02
-9.7210727e-03 3.1652429e-02
-9.8008074e-03 3.1710385e-02
-9.8805417e-03 3.1768340e-02
-9.8008074e-03 3.1710385e-02
-9.7210727e-03 3.1652429e-02
-9.7065520e-03 3.1558854e-02
-9.7210727e-03 3.1652429e-02
-9.8008104e-03 3.1700773e-02
-9.8805477e-03 3.1749117e-02
-9.9810444e-03 3.1758729e-02
-9.8805417e-03 3.1768340e-02
-9.8007924e-03 3.1758729e-02
-9.7210369e-03 3.1768340e-02
-9.7064723e-03 3.1818024e-02
-9.6919383e-03 3.1768340e-02
-9.7064723e-03 3.1818024e-02
-9.6919383e-03 3.1768340e-02
-9.6834361e-03 3.1758729e-02
-9.6919383e-03 3.1768340e-02
-9.6834361e-03 3.1758729e-02
-9.6919383e-03 3.1768340e-02
-9.6834178e-03 3.1818024e-02
-9.6749279e-03 3.1768340e-02
-9.6641775e-03 3.1818024e-02
-9.6748973e-03 3.1867707e-02
-9.6641517e-03 3.1901929e-02
-9.6748762e-03 3.1936152e-02
-9.6641517e-03 3.1901929e-02
-9.6748762e-03 3.1936152e-02
-9.6641388e-03 3.1943465e-02
-9.6534061e-03 3.1936152e-02
-9.6641388e-03 3.1943465e-02
-9.6534061e-03 3.1936152e-02
-9.6233822e-03 3.1901929e-02
-9.5933374e-03 3.1936152e-02
-9.5274467e-03 3.1901929e-02
-9.4615350e-03 3.1936152e-02
-9.5274340e-03 3.1943465e-02
-9.5933329e-03 3.1950779e-02
-9.5274026e-03 3.2046369e-02
-9.4615306e-03 3.1950779e-02
-9.5274026e-03 3.2046369e-02
-9.4614726e-03 3.2141959e-02
-9.4564250e-03 3.2203665e-02
-9.4614350e-03 3.2265372e-02
-9.4564250e-03 3.2203665e-02
-9.4614350e-03 3.2265372e-02
-9.5273545e-03 3.2203665e-02
-9.5932741e-03 3.2141959e-02
-9.6232891e-03 3.2203665e-02
-9.5932741e-03 3.2141959e-02
-9.6233378e-03 3.2046369e-02
-9.6533424e-03 3.2141959e-02
-9.6640582e-03 3.2203665e-02
-9.6747739e-03 3.2265372e-02
-9.6640582e-03 3.2203665e-02
-9.6533424e-03 3.2141959e-02
-9.6640582e-03 3.2203665e-02
-9.6533040e-03 3.2265372e-02
-9.6640582e-03 3.2203665e-02
-9.6747739e-03 3.2265372e-02
-9.6832232e-03 3.2443191e-02
-9.6747739e-03 3.2265372e-02
-9.6832982e-03 3.2203665e-02
-9.6917840e-03 3.2265372e-02
-9.6832982e-03 3.2203665e-02
-9.6748123e-03 3.2141959e-02
-9.6832982e-03 3.2203665e-02
-9.6917840e-03 3.2265372e-02
-9.7062773e-03 3.2443191e-02
-9.6916722e-03 3.2621009e-02
-9.6831446e-03 3.2692600e-02
-9.6746169e-03 3.2764191e-02
-9.6830915e-03 3.2859644e-02
-9.6915660e-03 3.2955098e-02
-9.7060952e-03 3.3016081e-02
-9.6915660e-03 3.2955098e-02
-9.7060952e-03 3.3016081e-02
-9.7206243e-03 3.3077065e-02
-9.7060952e-03 3.3016081e-02
-9.6915660e-03 3.2955098e-02
-9.6830416e-03 3.3016081e-02
-9.6745562e-03 3.2955098e-02
-9.6830915e-03 3.2859644e-02
-9.6746169e-03 3.2764191e-02
-9.6638519e-03 3.2859644e-02
-9.6745562e-03 3.2955098e-02
-9.6830416e-03 3.3016081e-02
-9.6915269e-03 3.3077065e-02
-9.7060408e-03 3.3185369e-02
-9.6914573e-03 3.3293673e-02
-9.7060408e-03 3.3185369e-02
-9.7206243e-03 3.3077065e-02
-9.8003382e-03 3.3185369e-02
-9.8801223e-03 3.3077065e-02
-9.9805819e-03 3.3185369e-02
-1.0081040e-02 3.3293673e-02
-9.9805819e-03 3.3185369e-02
-1.0081040e-02 3.3293673e-02
-9.9805819e-03 3.3185369e-02
-1.0081040e-02 3.3293673e-02
-1.0163462e-02 3.3398808e-02
-1.0080970e-02 3.3503942e-02
-1.0163421e-02 3.3519358e-02
-1.0163421e-02 3.3519358e-02
-1.0080970e-02 3.3503942e-02
-1.0163462e-02 3.3398808e-02
-1.0245954e-02 3.3293673e-02
-1.0252039e-02 3.3185369e-02
-1.0245954e-02 3.3293673e-02
-1.0252039e-02 3.3185369e-02
-1.0258124e-02 3.3077065e-02
-1.0252096e-02 3.3016081e-02
-1.0246069e-02 3.2955098e-02
-1.0252096e-02 3.3016081e-02
-1.0258124e-02 3.3077065e-02
-1.0293267e-02 3.3185369e-02
-1.0258124e-02 3.3077065e-02
-1.0252096e-02 3.3016081e-02
-1.0252096e-02 3.3016081e-02
-1.0246028e-02 3.3077065e-02
-1.0163534e-02 3.3185369e-02
-1.0081113e-02 3.3077065e-02
-9.9805820e-03 3.3184958e-02
-9.8801223e-03 3.3077065e-02
-9.9806379e-03 3.3016081e-02
-1.0081113e-02 3.3077065e-02
-9.9805820e-03 3.3184958e-02
-1.0081041e-02 3.3292850e-02
-1.0163497e-02 3.3293261e-02
-1.0081041e-02 3.3292850e-02
-9.9805820e-03 3.3184958e-02
-1.0081113e-02 3.3077065e-02
-9.9805820e-03 3.3184958e-02
-9.8800516e-03 3.3292850e-02
-9.9805820e-03 3.3184958e-02
-1.0081041e-02 3.3292850e-02
-9.9805820e-03 3.3184958e-02
-9.8801223e-03 3.3077065e-02
-9.9805820e-03 3.3184958e-02
-1.0081041e-02 3.3292850e-02
-1.0163534e-02 3.3184958e-02
-1.0245954e-02 3.3292850e-02
-1.0252002e-02 3.3293261e-02
-1.0245954e-02 3.3293673e-02
-1.0251966e-02 3.3398808e-02
-1.0251966e-02 3.3398808e-02
-1.0258050e-02 3.3293673e-02
-1.0293194e-02 3.3398808e-02
-1.0293194e-02 3.3398808e-02
-1.0328411e-02 3.3293673e-02
-1.0341354e-02 3.3398808e-02
-1.0354369e-02 3.3293673e-02
-1.0404668e-02 3.3398808e-02
-1.0454967e-02 3.3503942e-02
-1.0404668e-02 3.3398808e-02
-1.0454967e-02 3.3503942e-02
-1.0454961e-02 3.3519358e-02
-1.0454956e-02 3.3534775e-02
-1.0464955e-02 3.3536874e-02
-1.0474954e-02 3.3538974e-02
-1.0464955e-02 3.3536874e-02
-1.0474955e-02 3.3534775e-02
-1.0506771e-02 3.3536874e-02
-1.0538588e-02 3.3538974e-02
-1.0548700e-02 3.3576341e-02
-1.0558812e-02 3.3613708e-02
-1.0564948e-02 3.3616437e-02
-1.0571083e-02 3.3619166e-02
-1.0665369e-02 3.3616437e-02
-1.0759653e-02 3.3619166e-02
-1.0759653e-02 3.3619166e-02
-1.0759653e-02 3.3619166e-02
-1.0759653e-02 3.3619166e-02
-1.0759653e-02 3.3619166e-02
-1.0759653e-02 3.3619166e-02
-1.0766506e-02 3.3616437e-02
-1.0766506e-02 3.3616437e-02
-1.0773357e-02 3.3619166e-02
-1.0773357e-02 3.3619166e-02
-1.0773357e-02 3.3619166e-02
-1.0773357e-02 3.3619166e-02
-1.0773357e-02 3.3619166e-02
-1.0773357e-02 3.3619166e-02
-1.0773357e-02 3.3619166e-02
-1.0791645e-02 3.3616437e-02
-1.0773359e-02 3.3613708e-02
-1.0791645e-02 3.3616437e-02
-1.0791645e-02 3.3616437e-02
-1.0791645e-02 3.3616437e-02
-1.0809933e-02 3.3613708e-02
-1.0809933e-02 3.3613708e-02
-1.0845564e-02 3.3616437e-02
-1.0845564e-02 3.3616437e-02
-1.0845564e-02 3.3616437e-02
-1.0881197e-02 3.3613708e-02
-1.0845564e-02 3.3616437e-02
-1.0881197e-02 3.3613708e-02
-1.0890504e-02 3.3576341e-02
-1.0899784e-02 3.3613708e-02
-1.0958324e-02 3.3576341e-02
-1.0899811e-02 3.3538974e-02
-1.0890519e-02 3.3536874e-02
-1.0881226e-02 3.3534775e-02
-1.0845599e-02 3.3519358e-02
-1.0881237e-02 3.3503942e-02
-1.0845643e-02 3.3398808e-02
-1.0881313e-02 3.3293673e-02
-1.0890607e-02 3.3293261e-02
-1.0899901e-02 3.3292850e-02
-1.0958445e-02 3.3246851e-02
-1.1016988e-02 3.3200851e-02
-1.1052988e-02 3.3138958e-02
-1.1088989e-02 3.3077065e-02
-1.1053033e-02 3.3016081e-02
-1.1017033e-02 3.3077065e-02
-1.0958484e-02 3.3138958e-02
-1.0899934e-02 3.3200851e-02
-1.0890624e-02 3.3246851e-02
-1.0899901e-02 3.3292850e-02
-1.0958428e-02 3.3293261e-02
-1.0899901e-02 3.3293673e-02
-1.0958428e-02 3.3293261e-02
-1.1016954e-02 3.3292850e-02
-1.1052949e-02 3.3246851e-02
-1.1088943e-02 3.3200851e-02
-1.1112930e-02 3.3138958e-02
-1.1136916e-02 3.3077065e-02
-1.1112930e-02 3.3138958e-02
-1.1136916e-02 3.3077065e-02
-1.1163578e-02 3.3138958e-02
-1.1136916e-02 3.3077065e-02
-1.1163578e-02 3.3138958e-02
-1.1190241e-02 3.3200851e-02
-1.1239376e-02 3.3246851e-02
-1.1190241e-02 3.3200851e-02
-1.1239416e-02 3.3138958e-02
-1.1190286e-02 3.3077065e-02
-1.1239462e-02 3.3016081e-02
-1.1288637e-02 3.2955098e-02
-1.1239518e-02 3.2863622e-02
-1.1190399e-02 3.2772145e-02
-1.1239518e-02 3.2863622e-02
-1.1190399e-02 3.2772145e-02
-1.1163680e-02 3.2863622e-02
-1.1190399e-02 3.2772145e-02
-1.1163680e-02 3.2863622e-02
-1.1137028e-02 3.2772145e-02
-1.1163680e-02 3.2863622e-02
-1.1136961e-02 3.2955098e-02
-1.1163624e-02 3.3016081e-02
-1.1136916e-02 3.3077065e-02
-1.1112930e-02 3.3138958e-02
-1.1136916e-02 3.3077065e-02
-1.1163624e-02 3.3016081e-02
-1.1190332e-02 3.2955098e-02
-1.1163680e-02 3.2863622e-02
-1.1190399e-02 3.2772145e-02
-1.1163680e-02 3.2863622e-02
-1.1137028e-02 3.2772145e-02
-1.1113065e-02 3.2768168e-02
-1.1089103e-02 3.2764191e-02
-1.1053151e-02 3.2692600e-02
-1.1089103e-02 3.2764191e-02
-1.1053151e-02 3.2692600e-02
-1.1017198e-02 3.2621009e-02
-1.1053203e-02 3.2546834e-02
-1.1089208e-02 3.2472658e-02
-1.1053267e-02 3.2369015e-02
-1.1017326e-02 3.2265372e-02
-1.1053267e-02 3.2369015e-02
-1.1017326e-02 3.2265372e-02
-1.0958814e-02 3.2216176e-02
-1.0900303e-02 3.2166979e-02
-1.0890992e-02 3.2216176e-02
-1.0900268e-02 3.2265372e-02
-1.0890992e-02 3.2216176e-02
-1.0881715e-02 3.2166979e-02
-1.0846085e-02 3.2154469e-02
-1.0810456e-02 3.2141959e-02
-1.0792164e-02 3.2154469e-02
-1.0773880e-02 3.2141959e-02
-1.0767061e-02 3.2046369e-02
-1.0760242e-02 3.1950779e-02
-1.0690538e-02 3.1943465e-02
-1.0620834e-02 3.1936152e-02
-1.0596252e-02 3.1931559e-02
-1.0571670e-02 3.1926966e-02
-1.0596263e-02 3.1897336e-02
-1.0571690e-02 3.1867707e-02
-1.0565555e-02 3.1862528e-02
-1.0559419e-02 3.1857350e-02
-1.0549308e-02 3.1812845e-02
-1.0539197e-02 3.1768340e-02
-1.0549326e-02 3.1758729e-02
-1.0539204e-02 3.1749117e-02
-1.0507382e-02 3.1758729e-02
-1.0475566e-02 3.1749117e-02
-1.0465582e-02 3.1700773e-02
-1.0455597e-02 3.1652429e-02
-1.0455628e-02 3.1558854e-02
-1.0455597e-02 3.1652429e-02
-1.0455628e-02 3.1558854e-02
-1.0455659e-02 3.1465279e-02
-1.0405321e-02 3.1463957e-02
-1.0354983e-02 3.1462636e-02
-1.0342011e-02 3.1439452e-02
-1.0354998e-02 3.1416269e-02
-1.0342032e-02 3.1372456e-02
-1.0329067e-02 3.1328642e-02
-1.0293890e-02 3.1311451e-02
-1.0258712e-02 3.1294261e-02
-1.0252665e-02 3.1290485e-02
-1.0246618e-02 3.1286708e-02
-1.0164155e-02 3.1290485e-02
-1.0081694e-02 3.1286708e-02
-1.0039398e-02 3.1209645e-02
-9.9971017e-03 3.1132582e-02
-9.9388967e-03 3.1209645e-02
-9.8806918e-03 3.1286708e-02
-9.8009618e-03 3.1209645e-02
-9.7211846e-03 3.1286708e-02
-9.7066584e-03 3.1209645e-02
-9.6921321e-03 3.1132582e-02
-9.7067232e-03 3.0995286e-02
-9.6922147e-03 3.0857989e-02
-9.6837142e-03 3.0841194e-02
-9.6752038e-03 3.0857989e-02
-9.6644273e-03 3.0995286e-02
-9.6751214e-03 3.1132582e-02
-9.6836035e-03 3.1209645e-02
-9.6920855e-03 3.1286708e-02
-9.6835790e-03 3.1290485e-02
-9.6750725e-03 3.1294261e-02
-9.6835727e-03 3.1311451e-02
-9.6920728e-03 3.1328642e-02
-9.7066275e-03 3.1311451e-02
-9.6920832e-03 3.1294261e-02
-9.7066339e-03 3.1290485e-02
-9.6920855e-03 3.1286708e-02
-9.6835790e-03 3.1290485e-02
-9.6750725e-03 3.1294261e-02
-9.6835790e-03 3.1290485e-02
-9.6835790e-03 3.1290485e-02
-9.6920855e-03 3.1286708e-02
-9.6836035e-03 3.1209645e-02
-9.6921321e-03 3.1132582e-02
-9.6836035e-03 3.1209645e-02
-9.6921321e-03 3.1132582e-02
-9.6836681e-03 3.0995286e-02
-9.6922147e-03 3.0857989e-02
-9.6837142e-03 3.0841194e-02
-9.6752138e-03 3.0824400e-02
-9.6644861e-03 3.0798537e-02
-9.6537583e-03 3.0772674e-02
-9.6380275e-03 3.0703635e-02
-9.6222965e-03 3.0634595e-02
-9.6080170e-03 3.0618641e-02
-9.5937281e-03 3.0634595e-02
-9.5875883e-03 3.0703635e-02
-9.5937281e-03 3.0634595e-02
-9.5876132e-03 3.0618641e-02
-9.5814984e-03 3.0602688e-02
-9.5282718e-03 3.0600117e-02
-9.5814999e-03 3.0597546e-02
-9.5282994e-03 3.0505188e-02
-9.4750986e-03 3.0412829e-02
-9.4685681e-03 3.0320562e-02
-9.4620374e-03 3.0228294e-02
-9.4570179e-03 3.0194488e-02
-9.4519984e-03 3.0160681e-02
-9.4170272e-03 3.0100141e-02
-9.3820559e-03 3.0039601e-02
-9.3417227e-03 3.0038342e-02
-9.3013896e-03 3.0037083e-02
-9.2960423e-03 3.0012174e-02
-9.2906950e-03 2.9987264e-02
-9.2902596e-03 2.9961687e-02
-9.2898242e-03 2.9936109e-02
-9.1926737e-03 2.9961687e-02
-9.0955371e-03 2.9936109e-02
-9.0881142e-03 2.9925179e-02
-9.0806913e-03 2.9914248e-02
-9.0585496e-03 2.9907637e-02
-9.0364043e-03 2.9914248e-02
-9.0585448e-03 2.9925179e-02
-9.0806854e-03 2.9936109e-02
-9.0881043e-03 2.9961687e-02
-9.0806854e-03 2.9936109e-02
-9.0585349e-03 2.9961687e-02
-9.0363845e-03 2.9987264e-02
-9.0256489e-03 3.0012174e-02
-9.0149134e-03 3.0037083e-02
-9.0088649e-03 3.0012174e-02
-9.0028029e-03 3.0037083e-02
-8.9616404e-03 3.0012174e-02
-8.9204645e-03 3.0037083e-02
-8.9081486e-03 3.0038342e-02
-8.8958334e-03 3.0037083e-02
-8.8934213e-03 3.0038342e-02
-8.8910092e-03 3.0039601e-02
-8.8789277e-03 3.0100141e-02
-8.8668786e-03 3.0039601e-02
-8.8250562e-03 3.0038342e-02
-8.7832337e-03 3.0037083e-02
-8.7832403e-03 3.0012174e-02
-8.7832469e-03 2.9987264e-02
-8.7832536e-03 2.9961687e-02
-8.7832603e-03 2.9936109e-02
-8.7364413e-03 2.9925179e-02
-8.6896164e-03 2.9936109e-02
-8.6199928e-03 2.9961687e-02
-8.5503824e-03 2.9936109e-02
-8.5439874e-03 2.9925179e-02
-8.5375924e-03 2.9914248e-02
-8.5439874e-03 2.9925179e-02
-8.5375869e-03 2.9936109e-02
-8.5166505e-03 2.9961687e-02
-8.4957272e-03 2.9936109e-02
-8.4897892e-03 2.9925179e-02
-8.4838456e-03 2.9936109e-02
-8.4157994e-03 2.9925179e-02
-8.3477475e-03 2.9936109e-02
-8.2568632e-03 2.9961687e-02
-8.1659914e-03 2.9936109e-02
-8.1413947e-03 2.9961687e-02
-8.1659789e-03 2.9987264e-02
-8.1413947e-03 2.9961687e-02
-8.1168104e-03 2.9936109e-02
-8.1110045e-03 2.9925179e-02
-8.1051933e-03 2.9936109e-02
-8.0782680e-03 2.9961687e-02
-8.0513427e-03 2.9987264e-02
-8.0461088e-03 3.0012174e-02
-8.0408869e-03 2.9987264e-02
-8.0461088e-03 3.0012174e-02
-8.0408748e-03 3.0037083e-02
-8.0341040e-03 3.0038342e-02
-8.0408748e-03 3.0037083e-02
-8.0341103e-03 3.0012174e-02
-8.0273457e-03 2.9987264e-02
-8.0193892e-03 2.9961687e-02
-8.0273457e-03 2.9987264e-02
-8.0193771e-03 3.0012174e-02
-8.0114084e-03 3.0037083e-02
-7.9790901e-03 3.0038342e-02
-8.0114078e-03 3.0039601e-02
-7.9790901e-03 3.0038342e-02
-7.9467724e-03 3.0037083e-02
-7.9028931e-03 3.0038342e-02
-7.8590144e-03 3.0037083e-02
-7.9028931e-03 3.0038342e-02
-7.8590144e-03 3.0037083e-02
-7.9028993e-03 3.0012174e-02
-7.8590262e-03 2.9987264e-02
-7.8402515e-03 2.9961687e-02
-7.8214649e-03 2.9987264e-02
-7.7593229e-03 3.0012174e-02
-7.6971809e-03 3.0037083e-02
-7.6528813e-03 3.0012174e-02
-7.6971809e-03 3.0037083e-02
-7.6528753e-03 3.0038342e-02
-7.6085697e-03 3.0039601e-02
-7.5946792e-03 3.0100141e-02
-7.5807887e-03 3.0160681e-02
-7.5946576e-03 3.0194488e-02
-7.6085419e-03 3.0160681e-02
-7.5946576e-03 3.0194488e-02
-7.5807733e-03 3.0228294e-02
-7.5747029e-03 3.0299126e-02
-7.5686650e-03 3.0228294e-02
-7.5050212e-03 3.0194488e-02
-7.4413771e-03 3.0160681e-02
-7.4222215e-03 3.0100141e-02
-7.4413771e-03 3.0160681e-02
-7.4222215e-03 3.0100141e-02
-7.4413771e-03 3.0160681e-02
-7.4222215e-03 3.0100141e-02
-7.4030659e-03 3.0039601e-02
-7.3825604e-03 3.0038342e-02
-7.3620548e-03 3.0037083e-02
-7.3466095e-03 3.0012174e-02
-7.3311641e-03 2.9987264e-02
-7.3253026e-03 2.9961687e-02
-7.3194411e-03 2.9936109e-02
-7.3194435e-03 2.9925179e-02
-7.3194459e-03 2.9914248e-02
-7.3194435e-03 2.9925179e-02
-7.3194459e-03 2.9914248e-02
-7.3194474e-03 2.9907637e-02
-7.3194459e-03 2.9914248e-02
-7.3194474e-03 2.9907637e-02
-7.3194488e-03 2.9901025e-02
-7.2737299e-03 2.9781327e-02
-7.3195010e-03 2.9661628e-02
-7.3195112e-03 2.9614573e-02
-7.3195214e-03 2.9567519e-02
-7.3195214e-03 2.9567519e-02
-7.3195214e-03 2.9567519e-02
-7.3253913e-03 2.9554686e-02
-7.3195270e-03 2.9541853e-02
-7.3195383e-03 2.9489451e-02
-7.3195270e-03 2.9541853e-02
-7.3253913e-03 2.9554686e-02
-7.3195214e-03 2.9567519e-02
-7.3253784e-03 2.9614573e-02
-7.3312353e-03 2.9661628e-02
-7.3253784e-03 2.9614573e-02
-7.3312557e-03 2.9567519e-02
-7.3466966e-03 2.9614573e-02
-7.3312353e-03 2.9661628e-02
-7.3466966e-03 2.9614573e-02
-7.3621579e-03 2.9567519e-02
-7.3826668e-03 2.9554686e-02
-7.3826668e-03 2.9554686e-02
-7.4031757e-03 2.9541853e-02
-7.4031757e-03 2.9541853e-02
-7.3826810e-03 2.9489451e-02
-7.4031986e-03 2.9437049e-02
-7.4223694e-03 2.9431205e-02
-7.4415402e-03 2.9425362e-02
-7.5051946e-03 2.9419533e-02
-7.5688489e-03 2.9413705e-02
-7.5051946e-03 2.9419533e-02
-7.5688489e-03 2.9413705e-02
-7.5051966e-03 2.9410536e-02
-7.5688503e-03 2.9407367e-02
-7.5688503e-03 2.9407367e-02
-7.5749062e-03 2.9400355e-02
-7.5688503e-03 2.9407367e-02
-7.5688503e-03 2.9407367e-02
-7.5749062e-03 2.9400355e-02
-7.5809589e-03 2.9407367e-02
-7.5948373e-03 2.9400355e-02
-7.5948373e-03 2.9400355e-02
-7.6087158e-03 2.9393342e-02
-7.6087158e-03 2.9393342e-02
-7.6087158e-03 2.9393342e-02
-7.6087158e-03 2.9393342e-02
-7.6087158e-03 2.9393342e-02
-7.6530237e-03 2.9385885e-02
-7.6087192e-03 2.9378428e-02
-7.6530315e-03 2.9351113e-02
-7.6530315e-03 2.9351113e-02
-7.6973439e-03 2.9323798e-02
-7.6973439e-03 2.9323798e-02
-7.6530459e-03 2.9286848e-02
-7.6973439e-03 2.9323798e-02
-7.7397877e-03 2.9351113e-02
-7.7822315e-03 2.9378428e-02
-7.8019171e-03 2.9385885e-02
-7.8216028e-03 2.9393342e-02
-7.8403822e-03 2.9400355e-02
-7.8216028e-03 2.9393342e-02
-7.8019171e-03 2.9385885e-02
-7.8216028e-03 2.9393342e-02
-7.8019171e-03 2.9385885e-02
-7.8019171e-03 2.9385885e-02
-7.8216028e-03 2.9393342e-02
-7.8019171e-03 2.9385885e-02
-7.8019171e-03 2.9385885e-02
-7.8019171e-03 2.9385885e-02
-7.8216028e-03 2.9393342e-02
-7.8403822e-03 2.9400355e-02
-7.8216028e-03 2.9393342e-02
-7.8403822e-03 2.9400355e-02
-7.8216028e-03 2.9393342e-02
-7.8019138e-03 2.9400355e-02
-7.7822248e-03 2.9407367e-02
-7.7600117e-03 2.9410536e-02
-7.7822234e-03 2.9413705e-02
-7.8019094e-03 2.9419533e-02
-7.8019094e-03 2.9419533e-02
-7.8019094e-03 2.9419533e-02
-7.8215954e-03 2.9425362e-02
-7.8215954e-03 2.9425362e-02
-7.8215954e-03 2.9425362e-02
-7.8215954e-03 2.9425362e-02
-7.8403751e-03 2.9431205e-02
-7.8215954e-03 2.9425362e-02
-7.8403751e-03 2.9431205e-02
-7.8591547e-03 2.9437049e-02
-7.9030222e-03 2.9489451e-02
-7.9468896e-03 2.9541853e-02
-7.9030222e-03 2.9489451e-02
-7.9468896e-03 2.9541853e-02
-7.9792051e-03 2.9554686e-02
-8.0115206e-03 2.9567519e-02
-8.0115206e-03 2.9567519e-02
-8.0115206e-03 2.9567519e-02
-7.9792051e-03 2.9554686e-02
-8.0115206e-03 2.9567519e-02
-8.0194721e-03 2.9614573e-02
-8.0274237e-03 2.9661628e-02
-8.0342055e-03 2.9614573e-02
-8.0409650e-03 2.9661628e-02
-8.0342055e-03 2.9614573e-02
-8.0274237e-03 2.9661628e-02
-8.0194721e-03 2.9614573e-02
-8.0115206e-03 2.9567519e-02
-7.9792051e-03 2.9554686e-02
-8.0115206e-03 2.9567519e-02
-8.0194721e-03 2.9614573e-02
-8.0274237e-03 2.9661628e-02
-8.0341901e-03 2.9679258e-02
-8.0341901e-03 2.9679258e-02
-8.0409566e-03 2.9696889e-02
-8.0461613e-03 2.9793967e-02
-8.0513659e-03 2.9891045e-02
-8.0513647e-03 2.9896035e-02
-8.0513647e-03 2.9896035e-02
-8.0513659e-03 2.9891045e-02
-8.0513647e-03 2.9896035e-02
-8.0513647e-03 2.9896035e-02
-8.0513647e-03 2.9896035e-02
-8.0513647e-03 2.9896035e-02
-8.0513659e-03 2.9891045e-02
-8.0461613e-03 2.9793967e-02
-8.0514125e-03 2.9696889e-02
-8.0514125e-03 2.9696889e-02
-8.0514125e-03 2.9696889e-02
-8.0514167e-03 2.9679258e-02
-8.0514167e-03 2.9679258e-02
-8.0514167e-03 2.9679258e-02
-8.0514209e-03 2.9661628e-02
-8.0514209e-03 2.9661628e-02
-8.0783516e-03 2.9614573e-02
-8.0514434e-03 2.9567519e-02
-8.0514434e-03 2.9567519e-02
-8.0514434e-03 2.9567519e-02
-8.0514434e-03 2.9567519e-02
-8.0514464e-03 2.9554686e-02
-8.0514434e-03 2.9567519e-02
-8.0514434e-03 2.9567519e-02
-8.0783659e-03 2.9554686e-02
-8.1052884e-03 2.9541853e-02
-8.0783814e-03 2.9489451e-02
-8.0514744e-03 2.9437049e-02
-8.0514758e-03 2.9431205e-02
-8.0514744e-03 2.9437049e-02
-8.0514758e-03 2.9431205e-02
-8.0514771e-03 2.9425362e-02
-8.0514785e-03 2.9419533e-02
-8.0514799e-03 2.9413705e-02
-8.0784002e-03 2.9410536e-02
-8.1053205e-03 2.9407367e-02
-8.1111308e-03 2.9400355e-02
-8.1169411e-03 2.9393342e-02
-8.1111342e-03 2.9385885e-02
-8.1053274e-03 2.9378428e-02
-8.0784143e-03 2.9351113e-02
-8.0515012e-03 2.9323798e-02
-8.0515045e-03 2.9309722e-02
-8.0515078e-03 2.9295646e-02
-8.0515132e-03 2.9272771e-02
-8.0515186e-03 2.9249897e-02
-8.0462974e-03 2.9220960e-02
-8.0410761e-03 2.9192023e-02
-8.0343087e-03 2.9178045e-02
-8.0275412e-03 2.9164067e-02
-8.0195844e-03 2.9138359e-02
-8.0116275e-03 2.9112652e-02
-7.9793268e-03 2.9034225e-02
-7.9470259e-03 2.8955798e-02
-7.9031465e-03 2.8951546e-02
-7.8592671e-03 2.8947294e-02
-7.8404950e-03 2.8907040e-02
-7.8217228e-03 2.8866785e-02
-7.8020436e-03 2.8829165e-02
-7.7823643e-03 2.8791544e-02
-7.7601580e-03 2.8762607e-02
-7.7379517e-03 2.8733671e-02
-7.7177138e-03 2.8733126e-02
-7.6974760e-03 2.8732581e-02
-7.6531746e-03 2.8707293e-02
-7.6088730e-03 2.8682005e-02
-7.5949965e-03 2.8678852e-02
-7.5811200e-03 2.8675699e-02
-7.5750685e-03 2.8662237e-02
-7.5690170e-03 2.8648774e-02
-7.5053779e-03 2.8577321e-02
-7.4417384e-03 2.8505868e-02
-7.4380559e-03 2.8470174e-02
-7.4343733e-03 2.8434480e-02
-7.4188938e-03 2.8432523e-02
-7.4034142e-03 2.8430566e-02
-7.3829197e-03 2.8372338e-02
-7.3624250e-03 2.8314110e-02
-7.3469792e-03 2.8285882e-02
-7.3315334e-03 2.8257654e-02
-7.3256795e-03 2.8192729e-02
-7.3198255e-03 2.8127803e-02
-7.3198348e-03 2.8082568e-02
-7.3198441e-03 2.8037334e-02
-7.2740875e-03 2.8082568e-02
-7.2283493e-03 2.8037334e-02
-7.2032702e-03 2.7996378e-02
-7.1781911e-03 2.7955423e-02
-7.2032809e-03 2.7943504e-02
-7.1781959e-03 2.7931585e-02
-7.1575383e-03 2.7918214e-02
-7.1368807e-03 2.7904843e-02
-7.1575383e-03 2.7918214e-02
-7.1368807e-03 2.7904843e-02
-7.1575383e-03 2.7918214e-02
-7.1368754e-03 2.7931585e-02
-7.1272736e-03 2.7918214e-02
-7.1176718e-03 2.7904843e-02
-7.1109816e-03 2.7847342e-02
-7.1042913e-03 2.7789840e-02
-7.0741882e-03 2.7781539e-02
-7.0440851e-03 2.7773237e-02
-7.0238191e-03 2.7763651e-02
-7.0035531e-03 2.7754066e-02
-7.0017112e-03 2.7709791e-02
-6.9998693e-03 2.7665516e-02
-7.0017199e-03 2.7665392e-02
-7.0035703e-03 2.7665516e-02
-7.0017199e-03 2.7665392e-02
-7.0035703e-03 2.7665516e-02
-7.0017199e-03 2.7665392e-02
-6.9998694e-03 2.7665267e-02
-7.0017209e-03 2.7659808e-02
-6.9998715e-03 2.7654349e-02
-6.9913885e-03 2.7642715e-02
-6.9829055e-03 2.7631081e-02
-6.9728941e-03 2.7595635e-02
-6.9628827e-03 2.7560190e-02
-6.9617487e-03 2.7549507e-02
-6.9606146e-03 2.7538824e-02
-6.9364645e-03 2.7411189e-02
-6.9606634e-03 2.7283554e-02
-6.9364892e-03 2.7281193e-02
-6.9606634e-03 2.7283554e-02
-6.9364892e-03 2.7281193e-02
-6.9123150e-03 2.7278833e-02
-6.8804377e-03 2.7265960e-02
-6.8485555e-03 2.7278833e-02
-6.8402869e-03 2.7265960e-02
-6.8485555e-03 2.7278833e-02
-6.8402869e-03 2.7265960e-02
-6.8320184e-03 2.7253088e-02
-6.7232504e-03 2.7252461e-02
-6.6144823e-03 2.7251834e-02
-6.6117179e-03 2.7211085e-02
-6.6089536e-03 2.7170337e-02
-6.5507672e-03 2.7122024e-02
-6.4925806e-03 2.7073710e-02
-6.4722940e-03 2.7122024e-02
-6.4520243e-03 2.7073710e-02
-6.4378705e-03 2.7122024e-02
-6.4237334e-03 2.7075189e-02
-6.3801640e-03 2.7122763e-02
-6.4237168e-03 2.7170337e-02
-6.4378549e-03 2.7211085e-02
-6.4520073e-03 2.7170337e-02
-6.4722938e-03 2.7122763e-02
-6.4925636e-03 2.7170337e-02
-6.5507513e-03 2.7211085e-02
-6.6089389e-03 2.7251834e-02
-6.6117105e-03 2.7252461e-02
-6.6117105e-03 2.7252461e-02
-6.6117105e-03 2.7252461e-02
-6.6117105e-03 2.7252461e-02
-6.6117105e-03 2.7252461e-02
-6.6117105e-03 2.7252461e-02
-6.6117105e-03 2.7252461e-02
-6.6117105e-03 2.7252461e-02
-6.6117105e-03 2.7252461e-02
-6.6117105e-03 2.7252461e-02
-6.6117105e-03 2.7252461e-02
-6.6117105e-03 2.7252461e-02
-6.6117105e-03 2.7252461e-02
-6.6117105e-03 2.7252461e-02
-6.6117105e-03 2.7252461e-02
-6.6117105e-03 2.7252461e-02
-6.6117105e-03 2.7252461e-02
-6.6117105e-03 2.7252461e-02
-6.6117105e-03 2.7252461e-02
-6.6117105e-03 2.7252461e-02
-6.6117105e-03 2.7252461e-02
-6.6117105e-03 2.7252461e-02
-6.6117105e-03 2.7252461e-02
-6.6117105e-03 2.7252461e-02
-6.6117105e-03 2.7252461e-02
-6.6144823e-03 2.7251834e-02
-6.6144823e-03 2.7251834e-02
-6.7232580e-03 2.7211085e-02
-6.8320338e-03 2.7170337e-02
-6.8320338e-03 2.7170337e-02
-6.7232580e-03 2.7211085e-02
-6.8320186e-03 2.7251834e-02
-6.8402972e-03 2.7211085e-02
-6.8485757e-03 2.7170337e-02
-6.8804645e-03 2.7122763e-02
-6.8804645e-03 2.7122763e-02
-6.9123533e-03 2.7075189e-02
-6.9365282e-03 2.7074450e-02
-6.9123533e-03 2.7075189e-02
-6.9365282e-03 2.7074450e-02
-6.9607031e-03 2.7073710e-02
-6.9618417e-03 2.7060506e-02
-6.9607031e-03 2.7073710e-02
-6.9618417e-03 2.7060506e-02
-6.9629803e-03 2.7047301e-02
-6.9730001e-03 2.7039360e-02
-6.9830200e-03 2.7031419e-02
-6.9915088e-03 2.7013215e-02
-6.9999976e-03 2.6995011e-02
-7.0018486e-03 2.6992669e-02
-7.0036996e-03 2.6990328e-02
-7.0239869e-03 2.6889835e-02
-7.0442742e-03 2.6789341e-02
-7.0743813e-03 2.6781505e-02
-7.1044883e-03 2.6773670e-02
-7.1111930e-03 2.6758313e-02
-7.1044883e-03 2.6773670e-02
-7.1111930e-03 2.6758313e-02
-7.1178978e-03 2.6742957e-02
-7.1111983e-03 2.6730469e-02
-7.1044989e-03 2.6717980e-02
-7.1111983e-03 2.6730469e-02
-7.1178978e-03 2.6742957e-02
-7.1111983e-03 2.6730469e-02
-7.1178978e-03 2.6742957e-02
-7.1274997e-03 2.6758313e-02
-7.1371015e-03 2.6773670e-02
-7.1274952e-03 2.6781505e-02
-7.1370985e-03 2.6789341e-02
-7.1274745e-03 2.6889835e-02
-7.1370599e-03 2.6990328e-02
-7.1577202e-03 2.6992669e-02
-7.1783814e-03 2.6990328e-02
-7.2034890e-03 2.6889835e-02
-7.1783814e-03 2.6990328e-02
-7.1577202e-03 2.6992669e-02
-7.1783814e-03 2.6990328e-02
-7.2034890e-03 2.6889835e-02
-7.1783814e-03 2.6990328e-02
-7.1783814e-03 2.6990328e-02
-7.1577202e-03 2.6992669e-02
-7.1577202e-03 2.6992669e-02
-7.1577202e-03 2.6992669e-02
-7.1370590e-03 2.6995011e-02
-7.1577202e-03 2.6992669e-02
-7.1370590e-03 2.6995011e-02
-7.1577202e-03 2.6992669e-02
-7.1783814e-03 2.6990328e-02
-7.2034890e-03 2.6889835e-02
-7.2034890e-03 2.6889835e-02
-7.2034890e-03 2.6889835e-02
-7.2034890e-03 2.6889835e-02
-7.2034890e-03 2.6889835e-02
-7.2034890e-03 2.6889835e-02
-7.1783814e-03 2.6990328e-02
-7.1783814e-03 2.6990328e-02
-7.2034690e-03 2.6992669e-02
-7.2285575e-03 2.6990328e-02
-7.2034690e-03 2.6992669e-02
-7.1783805e-03 2.6995011e-02
-7.1577163e-03 2.7013215e-02
-7.1783735e-03 2.7031419e-02
-7.2034650e-03 2.7013215e-02
-7.2285566e-03 2.6995011e-02
-7.2484712e-03 2.6992669e-02
-7.2683859e-03 2.6990328e-02
-7.2942402e-03 2.6889835e-02
-7.3200946e-03 2.6789341e-02
-7.3200961e-03 2.6781505e-02
-7.3200977e-03 2.6773670e-02
-7.3259683e-03 2.6758313e-02
-7.3318389e-03 2.6742957e-02
-7.3472937e-03 2.6730469e-02
-7.3627484e-03 2.6717980e-02
-7.3832589e-03 2.6704236e-02
-7.4037693e-03 2.6690493e-02
-7.3832589e-03 2.6704236e-02
-7.4037693e-03 2.6690493e-02
-7.4192513e-03 2.6684399e-02
-7.4347332e-03 2.6678305e-02
