8.4930229e-02 1.3375129e-02
8.5148498e-02 1.3926269e-02
8.4928931e-02 1.4477401e-02
8.2567814e-02 1.4364425e-02
8.0256505e-02 1.4477401e-02
8.0229045e-02 1.6083199e-02
8.0252377e-02 1.7688915e-02
8.0233048e-02 1.8933027e-02
8.0252377e-02 1.7688915e-02
8.0235711e-02 1.7081713e-02
8.0254035e-02 1.6474499e-02
8.0972828e-02 1.5689650e-02
8.1689502e-02 1.6474499e-02
8.3309176e-02 1.5689650e-02
8.1689502e-02 1.6474499e-02
8.0970989e-02 1.7081713e-02
8.0252377e-02 1.7688915e-02
8.0234860e-02 1.7694372e-02
8.0217343e-02 1.7699830e-02
8.0234719e-02 1.7794016e-02
8.0252362e-02 1.7699830e-02
8.0256555e-02 1.7694372e-02
8.0252362e-02 1.7699830e-02
8.0256413e-02 1.7794016e-02
8.0260464e-02 1.7888202e-02
8.0255433e-02 1.8470789e-02
8.0250374e-02 1.9053364e-02
8.0231997e-02 1.9615229e-02
8.0213595e-02 2.0177082e-02
8.0230788e-02 2.0372287e-02
8.0213595e-02 2.0177082e-02
8.0206500e-02 1.9615229e-02
8.0199379e-02 1.9053364e-02
8.0206500e-02 1.9615229e-02
8.0199379e-02 1.9053364e-02
8.0159236e-02 1.9615229e-02
8.0119069e-02 2.0177082e-02
7.9405817e-02 2.0372287e-02
7.8692488e-02 2.0567492e-02
7.8469645e-02 2.1087930e-02
7.8248490e-02 2.0567492e-02
7.8240111e-02 2.1087930e-02
7.8233421e-02 2.0567492e-02
7.8241267e-02 2.0372287e-02
7.8234041e-02 2.0177082e-02
7.8241267e-02 2.0372287e-02
7.8233421e-02 2.0567492e-02
7.8009218e-02 2.1017284e-02
7.7784995e-02 2.1467068e-02
7.7477282e-02 2.1537713e-02
7.7169555e-02 2.1608358e-02
7.6971801e-02 2.1708412e-02
7.7169221e-02 2.1808465e-02
7.6971801e-02 2.1708412e-02
7.6774374e-02 2.1608358e-02
7.6971801e-02 2.1708412e-02
7.7169221e-02 2.1808465e-02
7.7476743e-02 2.1859730e-02
7.7169049e-02 2.1910995e-02
7.7476641e-02 2.1919857e-02
7.7169049e-02 2.1910995e-02
7.7476641e-02 2.1919857e-02
7.7169049e-02 2.1910995e-02
7.6971549e-02 2.1859730e-02
7.7169049e-02 2.1910995e-02
7.7476743e-02 2.1859730e-02
7.7784423e-02 2.1808465e-02
7.7616406e-02 2.1859730e-02
7.7448384e-02 2.1910995e-02
7.7308703e-02 2.1919857e-02
7.7169019e-02 2.1928719e-02
7.7306502e-02 2.3187236e-02
7.7169019e-02 2.1928719e-02
7.6971448e-02 2.1919857e-02
7.6773870e-02 2.1910995e-02
7.6971549e-02 2.1859730e-02
7.7169221e-02 2.1808465e-02
7.7308804e-02 2.1859730e-02
7.7448557e-02 2.1808465e-02
7.7559673e-02 2.1859730e-02
7.7448384e-02 2.1910995e-02
7.7308703e-02 2.1919857e-02
7.7169019e-02 2.1928719e-02
7.6971448e-02 2.1919857e-02
7.7169019e-02 2.1928719e-02
7.6971448e-02 2.1919857e-02
7.7169049e-02 2.1910995e-02
7.6971549e-02 2.1859730e-02
7.7169049e-02 2.1910995e-02
7.7308804e-02 2.1859730e-02
7.7448384e-02 2.1910995e-02
7.7308703e-02 2.1919857e-02
7.7169019e-02 2.1928719e-02
7.7308703e-02 2.1919857e-02
7.7448384e-02 2.1910995e-02
7.7559571e-02 2.1919857e-02
7.7670787e-02 2.1910995e-02
7.7727605e-02 2.1859730e-02
7.7784423e-02 2.1808465e-02
7.7877152e-02 2.1708412e-02
7.7784423e-02 2.1808465e-02
7.7876897e-02 2.1859730e-02
7.7784249e-02 2.1910995e-02
7.7876794e-02 2.1919857e-02
7.7969338e-02 2.1928719e-02
7.8099355e-02 2.2449695e-02
7.8229345e-02 2.2970659e-02
7.8236690e-02 2.3075691e-02
7.8244035e-02 2.3180723e-02
7.8303058e-02 2.3218301e-02
7.8362080e-02 2.3255880e-02
7.8460432e-02 2.3374799e-02
7.8361646e-02 2.3493718e-02
7.8302244e-02 2.3663453e-02
7.8361019e-02 2.3833187e-02
7.8301488e-02 2.4069442e-02
7.8361019e-02 2.3833187e-02
7.8459901e-02 2.3663453e-02
7.8558780e-02 2.3493718e-02
7.8460432e-02 2.3374799e-02
7.8361646e-02 2.3493718e-02
7.8460432e-02 2.3374799e-02
7.8361646e-02 2.3493718e-02
7.8302244e-02 2.3663453e-02
7.8256919e-02 2.3493718e-02
7.8262766e-02 2.3374799e-02
7.8257352e-02 2.3255880e-02
7.8263050e-02 2.3218301e-02
7.8268747e-02 2.3180723e-02
7.8263307e-02 2.3075691e-02
7.8269125e-02 2.2970659e-02
7.8263307e-02 2.3075691e-02
7.8257488e-02 2.3180723e-02
7.8250693e-02 2.3218301e-02
7.8243899e-02 2.3255880e-02
7.8250693e-02 2.3218301e-02
7.8244035e-02 2.3180723e-02
7.8236690e-02 2.3075691e-02
7.8229345e-02 2.2970659e-02
7.8174689e-02 2.2465536e-02
7.8120013e-02 2.1960403e-02
7.8175590e-02 2.1944561e-02
7.8120013e-02 2.1960403e-02
7.8043777e-02 2.2465536e-02
7.7969284e-02 2.1960403e-02
7.7951386e-02 2.1944561e-02
7.7933487e-02 2.1928719e-02
7.7858869e-02 2.1919857e-02
7.7784249e-02 2.1910995e-02
7.7727605e-02 2.1859730e-02
7.7670960e-02 2.1808465e-02
7.7634709e-02 2.1765787e-02
7.7671104e-02 2.1723108e-02
7.7634877e-02 2.1665733e-02
7.7598457e-02 2.1723108e-02
7.7584881e-02 2.1765787e-02
7.7571449e-02 2.1723108e-02
7.7510171e-02 2.1665733e-02
7.7448892e-02 2.1608358e-02
7.7393005e-02 2.1552963e-02
7.7337116e-02 2.1497567e-02
7.7311350e-02 2.1484155e-02
7.7285583e-02 2.1470743e-02
7.7246064e-02 2.1468906e-02
7.7206544e-02 2.1467068e-02
7.7246181e-02 2.1398109e-02
7.7206771e-02 2.1329150e-02
7.7246341e-02 2.1300283e-02
7.7206866e-02 2.1271415e-02
7.7204409e-02 2.1224784e-02
7.7201953e-02 2.1178152e-02
7.7204979e-02 2.0872824e-02
7.7202933e-02 2.0567492e-02
7.7187104e-02 2.0557025e-02
7.7202966e-02 2.0546559e-02
7.7187135e-02 2.0537182e-02
7.7202996e-02 2.0527805e-02
7.7205670e-02 2.0437900e-02
7.7208344e-02 2.0347994e-02
7.7248001e-02 2.0262538e-02
7.7287657e-02 2.0177082e-02
7.7313612e-02 2.0070652e-02
7.7287986e-02 1.9964222e-02
7.7248742e-02 1.9781716e-02
7.7209494e-02 1.9599208e-02
7.7207204e-02 1.9437554e-02
7.7204912e-02 1.9275898e-02
7.7193053e-02 1.9164631e-02
7.7205240e-02 1.9053364e-02
7.7208067e-02 1.8851411e-02
7.7210891e-02 1.8649456e-02
7.7250427e-02 1.8641939e-02
7.7289962e-02 1.8634423e-02
7.7250427e-02 1.8641939e-02
7.7210891e-02 1.8649456e-02
7.7208067e-02 1.8851411e-02
7.7210891e-02 1.8649456e-02
7.7250427e-02 1.8641939e-02
7.7210891e-02 1.8649456e-02
7.7250427e-02 1.8641939e-02
7.7289962e-02 1.8634423e-02
7.7315813e-02 1.8592358e-02
7.7341663e-02 1.8550294e-02
7.7315902e-02 1.8529889e-02
7.7290082e-02 1.8550294e-02
7.7315813e-02 1.8592358e-02
7.7341663e-02 1.8550294e-02
7.7397676e-02 1.8529889e-02
7.7341721e-02 1.8509484e-02
7.7316086e-02 1.8400457e-02
7.7290450e-02 1.8291431e-02
7.7316295e-02 1.8252186e-02
7.7342141e-02 1.8212942e-02
7.7398334e-02 1.8063309e-02
7.7454525e-02 1.7913676e-02
7.7398334e-02 1.8063309e-02
7.7454108e-02 1.8212942e-02
7.7398070e-02 1.8252186e-02
7.7454108e-02 1.8212942e-02
7.7515696e-02 1.8063309e-02
7.7454525e-02 1.7913676e-02
7.7515922e-02 1.7900939e-02
7.7577318e-02 1.7888202e-02
7.7590953e-02 1.7794016e-02
7.7577318e-02 1.7888202e-02
7.7590805e-02 1.7900939e-02
7.7604293e-02 1.7913676e-02
7.7640637e-02 1.7900939e-02
7.7604293e-02 1.7913676e-02
7.7640637e-02 1.7900939e-02
7.7604293e-02 1.7913676e-02
7.7590805e-02 1.7900939e-02
7.7604328e-02 1.7888202e-02
7.7590953e-02 1.7794016e-02
7.7604587e-02 1.7699830e-02
7.7633542e-02 1.7794016e-02
7.7604587e-02 1.7699830e-02
7.7633678e-02 1.7694372e-02
7.7604602e-02 1.7688915e-02
7.7633678e-02 1.7694372e-02
7.7604587e-02 1.7699830e-02
7.7591089e-02 1.7694372e-02
7.7604602e-02 1.7688915e-02
7.7633906e-02 1.7526958e-02
7.7605041e-02 1.7365000e-02
7.7591317e-02 1.7526958e-02
7.7578031e-02 1.7365000e-02
7.7517247e-02 1.7324511e-02
7.7578139e-02 1.7284022e-02
7.7591845e-02 1.7132704e-02
7.7578540e-02 1.6981385e-02
7.7592089e-02 1.6947939e-02
7.7605638e-02 1.6914493e-02
7.7634758e-02 1.6886589e-02
7.7605710e-02 1.6858685e-02
7.7592236e-02 1.6835144e-02
7.7578761e-02 1.6811603e-02
7.7592294e-02 1.6790304e-02
7.7578817e-02 1.6769004e-02
7.7518008e-02 1.6746683e-02
7.7457198e-02 1.6724362e-02
7.7518167e-02 1.6623168e-02
7.7579134e-02 1.6521973e-02
7.7592643e-02 1.6519661e-02
7.7606145e-02 1.6521973e-02
7.7592510e-02 1.6623168e-02
7.7578874e-02 1.6724362e-02
7.7518167e-02 1.6623168e-02
7.7457198e-02 1.6724362e-02
7.7518167e-02 1.6623168e-02
7.7579134e-02 1.6521973e-02
7.7592643e-02 1.6519661e-02
7.7606151e-02 1.6517349e-02
7.7635263e-02 1.6495924e-02
7.7664374e-02 1.6474499e-02
7.7635263e-02 1.6495924e-02
7.7606205e-02 1.6474499e-02
7.7592766e-02 1.6422982e-02
7.7606336e-02 1.6371465e-02
7.7635467e-02 1.6334882e-02
7.7606429e-02 1.6298298e-02
7.7635570e-02 1.6252835e-02
7.7664712e-02 1.6207372e-02
7.7671976e-02 1.6190893e-02
7.7664712e-02 1.6207372e-02
7.7635570e-02 1.6252835e-02
7.7606429e-02 1.6298298e-02
7.7635570e-02 1.6252835e-02
7.7606543e-02 1.6207372e-02
7.7593058e-02 1.6190893e-02
7.7579574e-02 1.6174414e-02
7.7593173e-02 1.6098985e-02
7.7606772e-02 1.6023557e-02
7.7635888e-02 1.5998084e-02
7.7665004e-02 1.5972612e-02
7.7635888e-02 1.5998084e-02
7.7606835e-02 1.5972612e-02
7.7635941e-02 1.5955139e-02
7.7606878e-02 1.5937666e-02
7.7635941e-02 1.5955139e-02
7.7606878e-02 1.5937666e-02
7.7593440e-02 1.5883230e-02
7.7607012e-02 1.5828794e-02
7.7636107e-02 1.5820004e-02
7.7665203e-02 1.5811213e-02
7.7636107e-02 1.5820004e-02
7.7607012e-02 1.5828794e-02
7.7593517e-02 1.5820004e-02
7.7580022e-02 1.5811213e-02
7.7578118e-02 1.5758503e-02
7.7576214e-02 1.5705793e-02
7.7578196e-02 1.5694412e-02
7.7576241e-02 1.5683030e-02
7.7578428e-02 1.5502269e-02
7.7576674e-02 1.5321506e-02
7.7517588e-02 1.5502269e-02
7.7458932e-02 1.5321506e-02
7.7458410e-02 1.5304687e-02
7.7457888e-02 1.5287868e-02
7.7458506e-02 1.5223637e-02
7.7457888e-02 1.5287868e-02
7.7401978e-02 1.5223637e-02
7.7346066e-02 1.5159406e-02
7.7341451e-02 1.5116280e-02
7.7346167e-02 1.5073153e-02
7.7402103e-02 1.5116280e-02
7.7346066e-02 1.5159406e-02
7.7341451e-02 1.5116280e-02
7.7336836e-02 1.5073153e-02
7.7341599e-02 1.4988968e-02
7.7337030e-02 1.4904782e-02
7.7316027e-02 1.4797195e-02
7.7295023e-02 1.4689607e-02
7.7281881e-02 1.4676945e-02
7.7295051e-02 1.4664283e-02
7.7316201e-02 1.4643629e-02
7.7295051e-02 1.4664283e-02
7.7281919e-02 1.4643629e-02
7.7295098e-02 1.4622975e-02
7.7316226e-02 1.4621478e-02
7.7295098e-02 1.4622975e-02
7.7316226e-02 1.4621478e-02
7.7295101e-02 1.4619982e-02
7.7316308e-02 1.4548692e-02
7.7295261e-02 1.4477401e-02
7.7316382e-02 1.4482018e-02
7.7337503e-02 1.4486636e-02
7.7316382e-02 1.4482018e-02
7.7295261e-02 1.4477401e-02
7.7282122e-02 1.4461935e-02
7.7268983e-02 1.4446469e-02
7.7242643e-02 1.4419081e-02
7.7216241e-02 1.4446469e-02
7.7213738e-02 1.4419081e-02
7.7211174e-02 1.4446469e-02
7.7199133e-02 1.4461935e-02
7.7187092e-02 1.4477401e-02
7.7199111e-02 1.4482018e-02
7.7187092e-02 1.4477401e-02
7.7183286e-02 1.4461935e-02
7.7187127e-02 1.4446469e-02
7.7199181e-02 1.4419081e-02
7.7211235e-02 1.4391693e-02
7.7213824e-02 1.4341641e-02
7.7216412e-02 1.4291588e-02
7.7213824e-02 1.4341641e-02
7.7211235e-02 1.4391693e-02
7.7213824e-02 1.4341641e-02
7.7216412e-02 1.4291588e-02
7.7213901e-02 1.4271519e-02
7.7211390e-02 1.4251449e-02
7.7199387e-02 1.4232074e-02
7.7187384e-02 1.4212698e-02
7.7199608e-02 1.4028984e-02
7.7211829e-02 1.3845269e-02
7.7199608e-02 1.4028984e-02
7.7211432e-02 1.4212698e-02
7.7199608e-02 1.4028984e-02
7.7187780e-02 1.3845269e-02
7.7199815e-02 1.3835430e-02
7.7187801e-02 1.3825591e-02
7.7183968e-02 1.3835430e-02
7.7180155e-02 1.3825591e-02
7.7176483e-02 1.3800115e-02
7.7172756e-02 1.3825591e-02
7.7168721e-02 1.3835430e-02
7.7164685e-02 1.3845269e-02
7.7163568e-02 1.3835430e-02
7.7164706e-02 1.3825591e-02
7.7163605e-02 1.3800115e-02
7.7164760e-02 1.3774639e-02
7.7163605e-02 1.3800115e-02
7.7164760e-02 1.3774639e-02
7.7168870e-02 1.3693981e-02
7.7172810e-02 1.3774639e-02
7.7168758e-02 1.3800115e-02
7.7164706e-02 1.3825591e-02
7.7163605e-02 1.3800115e-02
7.7164760e-02 1.3774639e-02
7.7163717e-02 1.3693981e-02
7.7162674e-02 1.3613323e-02
7.7159253e-02 1.3575893e-02
7.7155832e-02 1.3538464e-02
7.7148068e-02 1.3531288e-02
7.7140289e-02 1.3538464e-02
7.7133656e-02 1.3575893e-02
7.7127101e-02 1.3538464e-02
7.7107593e-02 1.3575893e-02
7.7127101e-02 1.3538464e-02
7.7133703e-02 1.3531288e-02
7.7127116e-02 1.3524112e-02
7.7107687e-02 1.3485520e-02
7.7088258e-02 1.3446929e-02
7.7043626e-02 1.3485520e-02
7.6998993e-02 1.3524112e-02
7.6901872e-02 1.3531288e-02
7.6804765e-02 1.3524112e-02
7.6795040e-02 1.3485520e-02
7.6785236e-02 1.3524112e-02
7.6794993e-02 1.3531288e-02
7.6785236e-02 1.3524112e-02
7.6764905e-02 1.3485520e-02
7.6744573e-02 1.3446929e-02
7.6738274e-02 1.3485520e-02
7.6731974e-02 1.3524112e-02
7.6707151e-02 1.3531288e-02
7.6682343e-02 1.3524112e-02
7.6645394e-02 1.3485520e-02
7.6608444e-02 1.3446929e-02
7.6578555e-02 1.3411029e-02
7.6608517e-02 1.3375129e-02
7.6578618e-02 1.3349258e-02
7.6548718e-02 1.3323387e-02
7.6544483e-02 1.3349258e-02
7.6540247e-02 1.3375129e-02
7.6511207e-02 1.3411029e-02
7.6540247e-02 1.3375129e-02
7.6511270e-02 1.3349258e-02
7.6482293e-02 1.3323387e-02
7.6482229e-02 1.3276989e-02
7.6482387e-02 1.3230591e-02
7.6482298e-02 1.3208320e-02
7.6482164e-02 1.3230591e-02
7.6472370e-02 1.3276989e-02
7.6462575e-02 1.3323387e-02
7.6459612e-02 1.3276989e-02
7.6462669e-02 1.3230591e-02
7.6459681e-02 1.3208320e-02
7.6456693e-02 1.3186049e-02
7.6459704e-02 1.3186049e-02
7.6462714e-02 1.3186049e-02
7.6459806e-02 1.3083956e-02
7.6462917e-02 1.2981863e-02
7.6459806e-02 1.3083956e-02
7.6456897e-02 1.2981863e-02
7.6416598e-02 1.2980891e-02
7.6456899e-02 1.2979919e-02
7.6416606e-02 1.2973112e-02
7.6376312e-02 1.2966306e-02
7.6375928e-02 1.2955587e-02
7.6376333e-02 1.2944868e-02
7.6416724e-02 1.2852701e-02
7.6376333e-02 1.2944868e-02
7.6416724e-02 1.2852701e-02
7.6457114e-02 1.2760535e-02
7.6416836e-02 1.2737852e-02
7.6376558e-02 1.2715170e-02
7.6376169e-02 1.2708892e-02
7.6375781e-02 1.2702613e-02
7.6372312e-02 1.2692930e-02
7.6375799e-02 1.2683246e-02
7.6372312e-02 1.2692930e-02
7.6368826e-02 1.2702613e-02
7.6354820e-02 1.2708892e-02
7.6368826e-02 1.2702613e-02
7.6372312e-02 1.2692930e-02
7.6375799e-02 1.2683246e-02
7.6372327e-02 1.2677651e-02
7.6375810e-02 1.2672057e-02
7.6372404e-02 1.2597662e-02
7.6375810e-02 1.2672057e-02
7.6372327e-02 1.2677651e-02
7.6368844e-02 1.2683246e-02
7.6354850e-02 1.2677651e-02
7.6340846e-02 1.2683246e-02
7.6340223e-02 1.2677651e-02
7.6339600e-02 1.2672057e-02
7.6340300e-02 1.2597662e-02
7.6339600e-02 1.2672057e-02
7.6288705e-02 1.2677651e-02
7.6237809e-02 1.2683246e-02
7.6212321e-02 1.2692930e-02
7.6186832e-02 1.2702613e-02
7.6175280e-02 1.2708892e-02
7.6163729e-02 1.2715170e-02
7.6163125e-02 1.2708892e-02
7.6162522e-02 1.2702613e-02
7.6161548e-02 1.2692930e-02
7.6160573e-02 1.2683246e-02
7.6154871e-02 1.2677651e-02
7.6149159e-02 1.2683246e-02
7.6147448e-02 1.2692930e-02
7.6145755e-02 1.2683246e-02
7.6141966e-02 1.2677651e-02
7.6138176e-02 1.2672057e-02
7.6129754e-02 1.2677651e-02
7.6121342e-02 1.2672057e-02
7.6129831e-02 1.2597662e-02
7.6121342e-02 1.2672057e-02
7.6121226e-02 1.2677651e-02
7.6121121e-02 1.2672057e-02
7.6104271e-02 1.2597662e-02
7.6087278e-02 1.2672057e-02
7.6083263e-02 1.2597662e-02
7.6079249e-02 1.2523267e-02
7.6071538e-02 1.2485976e-02
7.6063828e-02 1.2448685e-02
7.6058927e-02 1.2412575e-02
7.6053958e-02 1.2448685e-02
7.6039735e-02 1.2485976e-02
7.6025582e-02 1.2448685e-02
7.6039804e-02 1.2412575e-02
7.6025582e-02 1.2448685e-02
7.6039804e-02 1.2412575e-02
7.6025650e-02 1.2376465e-02
7.6015411e-02 1.2361298e-02
7.6025650e-02 1.2376465e-02
7.6039815e-02 1.2400930e-02
7.6025604e-02 1.2425396e-02
7.6039781e-02 1.2437041e-02
7.6025582e-02 1.2448685e-02
7.6039781e-02 1.2437041e-02
7.6053980e-02 1.2425396e-02
7.6058938e-02 1.2400930e-02
7.6063850e-02 1.2425396e-02
7.6058938e-02 1.2400930e-02
7.6063850e-02 1.2425396e-02
7.6071585e-02 1.2437041e-02
7.6079319e-02 1.2448685e-02
7.6083416e-02 1.2437041e-02
7.6079319e-02 1.2448685e-02
7.6083416e-02 1.2437041e-02
7.6079341e-02 1.2425396e-02
7.6083450e-02 1.2400930e-02
7.6087558e-02 1.2376465e-02
7.6104457e-02 1.2400930e-02
7.6087512e-02 1.2425396e-02
7.6083416e-02 1.2437041e-02
7.6079319e-02 1.2448685e-02
7.6071585e-02 1.2437041e-02
7.6063828e-02 1.2448685e-02
7.6071585e-02 1.2437041e-02
7.6079319e-02 1.2448685e-02
7.6083370e-02 1.2485976e-02
7.6087420e-02 1.2523267e-02
7.6104377e-02 1.2485976e-02
7.6087420e-02 1.2523267e-02
7.6083263e-02 1.2597662e-02
7.6079249e-02 1.2523267e-02
7.6083263e-02 1.2597662e-02
7.6087420e-02 1.2523267e-02
7.6104271e-02 1.2597662e-02
7.6121121e-02 1.2672057e-02
7.6121226e-02 1.2677651e-02
7.6121332e-02 1.2683246e-02
7.6129739e-02 1.2692930e-02
7.6138147e-02 1.2702613e-02
7.6141935e-02 1.2708892e-02
7.6138147e-02 1.2702613e-02
7.6141935e-02 1.2708892e-02
7.6145736e-02 1.2702613e-02
7.6147448e-02 1.2692930e-02
7.6149140e-02 1.2702613e-02
7.6154857e-02 1.2692930e-02
7.6160554e-02 1.2702613e-02
7.6161532e-02 1.2708892e-02
7.6162522e-02 1.2702613e-02
7.6163141e-02 1.2692930e-02
7.6163760e-02 1.2683246e-02
7.6175311e-02 1.2677651e-02
7.6186851e-02 1.2683246e-02
7.6212335e-02 1.2677651e-02
7.6237820e-02 1.2672057e-02
7.6288705e-02 1.2677651e-02
7.6339590e-02 1.2683246e-02
7.6340223e-02 1.2677651e-02
7.6340856e-02 1.2672057e-02
7.6354920e-02 1.2604794e-02
7.6368984e-02 1.2537530e-02
7.6372397e-02 1.2604794e-02
7.6375810e-02 1.2672057e-02
7.6376269e-02 1.2604794e-02
7.6376599e-02 1.2672057e-02
7.6412654e-02 1.2677651e-02
7.6448708e-02 1.2683246e-02
7.6412639e-02 1.2692930e-02
7.6448689e-02 1.2702613e-02
7.6452939e-02 1.2692930e-02
7.6457189e-02 1.2683246e-02
7.6460204e-02 1.2677651e-02
7.6463220e-02 1.2672057e-02
7.6471171e-02 1.2604794e-02
7.6479122e-02 1.2537530e-02
7.6471171e-02 1.2604794e-02
7.6479122e-02 1.2537530e-02
7.6480990e-02 1.2530398e-02
7.6482858e-02 1.2523267e-02
7.6483005e-02 1.2485976e-02
7.6483152e-02 1.2448685e-02
7.6499547e-02 1.2446158e-02
7.6515942e-02 1.2443630e-02
7.6528561e-02 1.2434513e-02
7.6515959e-02 1.2425396e-02
7.6499590e-02 1.2400930e-02
7.6515959e-02 1.2425396e-02
7.6528593e-02 1.2400930e-02
7.6541227e-02 1.2376465e-02
7.6528631e-02 1.2361298e-02
7.6541256e-02 1.2346132e-02
7.6545451e-02 1.2361298e-02
7.6549646e-02 1.2376465e-02
7.6579549e-02 1.2400930e-02
7.6549600e-02 1.2425396e-02
7.6545414e-02 1.2400930e-02
7.6549646e-02 1.2376465e-02
7.6579587e-02 1.2361298e-02
7.6609527e-02 1.2346132e-02
7.6641858e-02 1.2308637e-02
7.6674188e-02 1.2271143e-02
7.6678887e-02 1.2266814e-02
7.6674188e-02 1.2271143e-02
7.6678887e-02 1.2266814e-02
7.6674196e-02 1.2262485e-02
7.6678953e-02 1.2196448e-02
7.6683586e-02 1.2262485e-02
7.6684413e-02 1.2196448e-02
7.6685116e-02 1.2262485e-02
7.6698352e-02 1.2266814e-02
7.6711588e-02 1.2271143e-02
7.6722363e-02 1.2308637e-02
7.6733139e-02 1.2346132e-02
7.6739384e-02 1.2361298e-02
7.6745630e-02 1.2376465e-02
7.6765978e-02 1.2400930e-02
7.6786373e-02 1.2376465e-02
7.6787753e-02 1.2361298e-02
7.6789133e-02 1.2346132e-02
7.6797518e-02 1.2361298e-02
7.6805902e-02 1.2376465e-02
7.6823905e-02 1.2361298e-02
7.6841880e-02 1.2376465e-02
7.6920983e-02 1.2400930e-02
7.7000133e-02 1.2376465e-02
7.7044741e-02 1.2361298e-02
7.7089348e-02 1.2346132e-02
7.7108853e-02 1.2308637e-02
7.7128358e-02 1.2271143e-02
7.7134916e-02 1.2308637e-02
7.7141475e-02 1.2346132e-02
7.7149232e-02 1.2361298e-02
7.7157018e-02 1.2346132e-02
7.7149282e-02 1.2308637e-02
7.7157089e-02 1.2271143e-02
7.7160513e-02 1.2308637e-02
7.7157089e-02 1.2271143e-02
7.7160553e-02 1.2266814e-02
7.7164009e-02 1.2271143e-02
7.7165102e-02 1.2308637e-02
7.7166194e-02 1.2346132e-02
7.7170255e-02 1.2308637e-02
7.7174315e-02 1.2271143e-02
7.7178019e-02 1.2266814e-02
7.7181723e-02 1.2262485e-02
7.7178085e-02 1.2196448e-02
7.7181847e-02 1.2130411e-02
7.7185690e-02 1.2108867e-02
7.7189493e-02 1.2130411e-02
7.7201455e-02 1.2196448e-02
7.7189493e-02 1.2130411e-02
7.7201537e-02 1.2108867e-02
7.7213542e-02 1.2130411e-02
7.7216095e-02 1.2108867e-02
7.7218648e-02 1.2087323e-02
7.7240489e-02 1.2072293e-02
7.7262302e-02 1.2087323e-02
7.7240455e-02 1.2108867e-02
7.7218608e-02 1.2130411e-02
7.7240373e-02 1.2196448e-02
7.7262262e-02 1.2130411e-02
7.7266827e-02 1.2108867e-02
7.7262302e-02 1.2087323e-02
7.7266861e-02 1.2072293e-02
7.7271420e-02 1.2057262e-02
7.7273059e-02 1.2039977e-02
7.7274698e-02 1.2022692e-02
7.7286216e-02 1.2039977e-02
7.7297733e-02 1.2057262e-02
7.7308825e-02 1.2039977e-02
7.7319917e-02 1.2022692e-02
7.7329971e-02 1.2019421e-02
7.7340025e-02 1.2016150e-02
7.7344695e-02 1.2011913e-02
7.7349365e-02 1.2007677e-02
7.7371557e-02 1.1946466e-02
7.7393748e-02 1.1885256e-02
7.7371557e-02 1.1946466e-02
7.7349365e-02 1.2007677e-02
7.7371496e-02 1.2011913e-02
7.7349357e-02 1.2016150e-02
7.7371496e-02 1.2011913e-02
7.7349365e-02 1.2007677e-02
7.7371557e-02 1.1946466e-02
7.7393748e-02 1.1885256e-02
7.7371557e-02 1.1946466e-02
7.7349365e-02 1.2007677e-02
7.7344695e-02 1.2011913e-02
7.7340033e-02 1.2007677e-02
7.7344756e-02 1.1946466e-02
7.7349477e-02 1.1885256e-02
7.7371643e-02 1.1852092e-02
7.7393809e-02 1.1818928e-02
7.7413043e-02 1.1818342e-02
7.7432277e-02 1.1818928e-02
7.7413043e-02 1.1818342e-02
7.7393809e-02 1.1818928e-02
7.7371674e-02 1.1818342e-02
7.7349539e-02 1.1817756e-02
7.7344876e-02 1.1815197e-02
7.7340212e-02 1.1812637e-02
7.7330166e-02 1.1806817e-02
7.7320120e-02 1.1800997e-02
7.7330166e-02 1.1806817e-02
7.7320109e-02 1.1812637e-02
7.7309031e-02 1.1815197e-02
7.7297953e-02 1.1817756e-02
7.7286422e-02 1.1815197e-02
7.7297953e-02 1.1817756e-02
7.7286422e-02 1.1815197e-02
7.7274891e-02 1.1812637e-02
7.7273273e-02 1.1806817e-02
7.7274901e-02 1.1800997e-02
7.7273273e-02 1.1806817e-02
7.7271645e-02 1.1812637e-02
7.7270388e-02 1.1815197e-02
7.7269131e-02 1.1817756e-02
7.7265843e-02 1.1815197e-02
7.7262554e-02 1.1812637e-02
7.7240733e-02 1.1806817e-02
7.7218911e-02 1.1800997e-02
7.7216373e-02 1.1806817e-02
7.7213834e-02 1.1812637e-02
7.7201807e-02 1.1815197e-02
7.7189781e-02 1.1817756e-02
7.7185957e-02 1.1818342e-02
7.7182133e-02 1.1818928e-02
7.7185957e-02 1.1818342e-02
7.7189780e-02 1.1818928e-02
7.7201774e-02 1.1852092e-02
7.7213828e-02 1.1818928e-02
7.7216362e-02 1.1818342e-02
7.7213828e-02 1.1818928e-02
7.7201774e-02 1.1852092e-02
7.7189719e-02 1.1885256e-02
7.7185926e-02 1.1852092e-02
7.7182073e-02 1.1885256e-02
7.7178403e-02 1.1852092e-02
7.7174734e-02 1.1818928e-02
7.7170709e-02 1.1818342e-02
7.7166685e-02 1.1817756e-02
7.7165556e-02 1.1818342e-02
7.7164428e-02 1.1818928e-02
7.7160937e-02 1.1852092e-02
7.7157447e-02 1.1885256e-02
7.7149669e-02 1.1892356e-02
7.7141891e-02 1.1899457e-02
7.7138183e-02 1.1892356e-02
7.7134475e-02 1.1885256e-02
7.7138220e-02 1.1852092e-02
7.7134475e-02 1.1885256e-02
7.7131589e-02 1.1892356e-02
7.7128703e-02 1.1899457e-02
7.7109193e-02 1.1944070e-02
7.7089682e-02 1.1988683e-02
7.7045130e-02 1.1944070e-02
7.7089764e-02 1.1899457e-02
7.7045177e-02 1.1892356e-02
7.7000590e-02 1.1885256e-02
7.6988427e-02 1.1852092e-02
7.6976265e-02 1.1818928e-02
7.6988458e-02 1.1818342e-02
7.6976265e-02 1.1818928e-02
7.6967215e-02 1.1852092e-02
7.6958225e-02 1.1818928e-02
7.6900311e-02 1.1818342e-02
7.6842397e-02 1.1817756e-02
7.6824411e-02 1.1815197e-02
7.6806424e-02 1.1812637e-02
7.6798030e-02 1.1806817e-02
7.6789636e-02 1.1800997e-02
7.6788265e-02 1.1806817e-02
7.6786894e-02 1.1812637e-02
7.6766520e-02 1.1815197e-02
7.6746146e-02 1.1817756e-02
7.6739889e-02 1.1815197e-02
7.6733631e-02 1.1812637e-02
7.6725478e-02 1.1815197e-02
7.6717329e-02 1.1812637e-02
7.6714674e-02 1.1806817e-02
7.6712009e-02 1.1812637e-02
7.6698767e-02 1.1815197e-02
7.6685525e-02 1.1817756e-02
7.6684759e-02 1.1818342e-02
7.6683995e-02 1.1817756e-02
7.6679302e-02 1.1815197e-02
7.6674605e-02 1.1817756e-02
7.6679302e-02 1.1815197e-02
7.6683999e-02 1.1812637e-02
7.6684770e-02 1.1806817e-02
7.6685530e-02 1.1812637e-02
7.6684762e-02 1.1815197e-02
7.6683995e-02 1.1817756e-02
7.6684762e-02 1.1815197e-02
7.6683999e-02 1.1812637e-02
7.6679310e-02 1.1806817e-02
7.6674610e-02 1.1812637e-02
7.6642610e-02 1.1806817e-02
7.6610610e-02 1.1800997e-02
7.6642635e-02 1.1778502e-02
7.6674620e-02 1.1800997e-02
7.6679310e-02 1.1806817e-02
7.6674610e-02 1.1812637e-02
7.6642610e-02 1.1806817e-02
7.6610610e-02 1.1800997e-02
7.6610340e-02 1.1778502e-02
7.6610070e-02 1.1756007e-02
7.6580147e-02 1.1752596e-02
7.6550217e-02 1.1756007e-02
7.6545987e-02 1.1778502e-02
7.6541757e-02 1.1800997e-02
7.6529141e-02 1.1806817e-02
7.6516536e-02 1.1800997e-02
7.6505824e-02 1.1778502e-02
7.6495072e-02 1.1800997e-02
7.6489406e-02 1.1806817e-02
7.6495072e-02 1.1800997e-02
7.6505824e-02 1.1778502e-02
7.6516576e-02 1.1756007e-02
7.6505824e-02 1.1778502e-02
7.6495072e-02 1.1800997e-02
7.6489406e-02 1.1806817e-02
7.6483750e-02 1.1800997e-02
7.6483659e-02 1.1778502e-02
7.6483527e-02 1.1800997e-02
7.6481686e-02 1.1778502e-02
7.6479845e-02 1.1756007e-02
7.6471962e-02 1.1752596e-02
7.6464072e-02 1.1756007e-02
7.6461042e-02 1.1778502e-02
7.6458011e-02 1.1800997e-02
7.6453766e-02 1.1806817e-02
7.6449520e-02 1.1812637e-02
7.6438141e-02 1.1806817e-02
7.6426751e-02 1.1812637e-02
7.6418052e-02 1.1806817e-02
7.6426761e-02 1.1800997e-02
7.6418052e-02 1.1806817e-02
7.6409342e-02 1.1812637e-02
7.6418044e-02 1.1815197e-02
7.6409338e-02 1.1817756e-02
7.6408855e-02 1.1818342e-02
7.6408373e-02 1.1817756e-02
7.6392886e-02 1.1815197e-02
7.6377400e-02 1.1812637e-02
7.6377010e-02 1.1806817e-02
7.6376621e-02 1.1800997e-02
7.6373164e-02 1.1778502e-02
7.6369666e-02 1.1800997e-02
7.6373164e-02 1.1778502e-02
7.6369666e-02 1.1800997e-02
7.6355661e-02 1.1806817e-02
7.6341667e-02 1.1800997e-02
7.6341034e-02 1.1806817e-02
7.6340400e-02 1.1812637e-02
7.6289508e-02 1.1815197e-02
7.6238619e-02 1.1812637e-02
7.6227018e-02 1.1815197e-02
7.6215422e-02 1.1812637e-02
7.6208539e-02 1.1815197e-02
7.6201655e-02 1.1817756e-02
7.6194655e-02 1.1818342e-02
7.6187655e-02 1.1817756e-02
7.6178095e-02 1.1815197e-02
7.6168535e-02 1.1812637e-02
7.6178095e-02 1.1815197e-02
7.6187660e-02 1.1812637e-02
7.6178103e-02 1.1806817e-02
7.6187670e-02 1.1800997e-02
7.6178103e-02 1.1806817e-02
7.6168535e-02 1.1812637e-02
7.6178103e-02 1.1806817e-02
7.6168545e-02 1.1800997e-02
7.6178128e-02 1.1778502e-02
7.6168585e-02 1.1756007e-02
7.6178151e-02 1.1752596e-02
7.6187717e-02 1.1749185e-02
7.6194729e-02 1.1735130e-02
7.6187717e-02 1.1749185e-02
7.6178151e-02 1.1752596e-02
7.6187717e-02 1.1749185e-02
7.6194714e-02 1.1752596e-02
7.6201717e-02 1.1749185e-02
7.6208610e-02 1.1735130e-02
7.6215479e-02 1.1749185e-02
7.6227074e-02 1.1752596e-02
7.6238676e-02 1.1749185e-02
7.6289579e-02 1.1735130e-02
7.6238701e-02 1.1721075e-02
7.6227090e-02 1.1735130e-02
7.6215479e-02 1.1749185e-02
7.6208595e-02 1.1752596e-02
7.6201710e-02 1.1756007e-02
7.6194714e-02 1.1752596e-02
7.6187711e-02 1.1756007e-02
7.6178128e-02 1.1778502e-02
7.6168545e-02 1.1800997e-02
7.6166557e-02 1.1806817e-02
7.6164569e-02 1.1812637e-02
7.6163957e-02 1.1815197e-02
7.6163345e-02 1.1817756e-02
7.6162361e-02 1.1818342e-02
7.6161378e-02 1.1817756e-02
7.6155673e-02 1.1815197e-02
7.6149963e-02 1.1817756e-02
7.6155673e-02 1.1815197e-02
7.6161382e-02 1.1812637e-02
7.6155673e-02 1.1815197e-02
7.6149963e-02 1.1817756e-02
7.6148261e-02 1.1818342e-02
7.6146558e-02 1.1818928e-02
7.6142734e-02 1.1852092e-02
7.6138969e-02 1.1818928e-02
7.6142734e-02 1.1852092e-02
7.6138909e-02 1.1885256e-02
7.6142734e-02 1.1852092e-02
7.6138969e-02 1.1818928e-02
7.6142764e-02 1.1818342e-02
7.6138969e-02 1.1818928e-02
7.6130522e-02 1.1852092e-02
7.6122075e-02 1.1885256e-02
7.6121958e-02 1.1892356e-02
7.6122075e-02 1.1885256e-02
7.6121994e-02 1.1852092e-02
7.6122075e-02 1.1885256e-02
7.6130486e-02 1.1892356e-02
7.6138909e-02 1.1885256e-02
7.6130522e-02 1.1852092e-02
7.6138969e-02 1.1818928e-02
7.6130522e-02 1.1852092e-02
7.6122075e-02 1.1885256e-02
7.6121994e-02 1.1852092e-02
7.6121913e-02 1.1818928e-02
7.6104992e-02 1.1818342e-02
7.6088070e-02 1.1818928e-02
7.6083985e-02 1.1818342e-02
7.6079898e-02 1.1818928e-02
7.6072123e-02 1.1852092e-02
7.6064348e-02 1.1885256e-02
7.6059406e-02 1.1892356e-02
7.6054465e-02 1.1899457e-02
7.6040236e-02 1.1944070e-02
7.6054465e-02 1.1899457e-02
7.6040283e-02 1.1892356e-02
7.6026102e-02 1.1885256e-02
7.6040319e-02 1.1852092e-02
7.6026161e-02 1.1818928e-02
7.6015878e-02 1.1852092e-02
7.6005654e-02 1.1818928e-02
7.6005624e-02 1.1852092e-02
7.6005594e-02 1.1885256e-02
7.6005588e-02 1.1892356e-02
7.6005588e-02 1.1892356e-02
7.6005594e-02 1.1885256e-02
7.6005624e-02 1.1852092e-02
7.6005654e-02 1.1818928e-02
7.6001334e-02 1.1818342e-02
7.6005655e-02 1.1817756e-02
7.6001337e-02 1.1815197e-02
7.6005655e-02 1.1817756e-02
7.6001334e-02 1.1818342e-02
7.5997014e-02 1.1817756e-02
7.5971315e-02 1.1815197e-02
7.5997018e-02 1.1812637e-02
7.5971323e-02 1.1806817e-02
7.5945627e-02 1.1800997e-02
7.5923434e-02 1.1778502e-02
7.5945667e-02 1.1756007e-02
7.5923457e-02 1.1752596e-02
7.5901247e-02 1.1749185e-02
7.5923473e-02 1.1735130e-02
7.5945698e-02 1.1721075e-02
7.5923487e-02 1.1718596e-02
7.5945703e-02 1.1716117e-02
7.5971410e-02 1.1708697e-02
7.5997117e-02 1.1701278e-02
7.6001448e-02 1.1689825e-02
7.6005779e-02 1.1678373e-02
7.6005790e-02 1.1665836e-02
7.6005801e-02 1.1653299e-02
7.6005824e-02 1.1626890e-02
7.6005801e-02 1.1653299e-02
7.6005790e-02 1.1665836e-02
7.6005801e-02 1.1653299e-02
7.6001504e-02 1.1626890e-02
7.5997206e-02 1.1600480e-02
7.5971526e-02 1.1577063e-02
7.5997247e-02 1.1553646e-02
7.5971550e-02 1.1549779e-02
7.5997254e-02 1.1545912e-02
7.6001575e-02 1.1545912e-02
7.5997254e-02 1.1545912e-02
7.5971553e-02 1.1545912e-02
7.5945853e-02 1.1545912e-02
7.5971570e-02 1.1527345e-02
7.5997287e-02 1.1508779e-02
7.6001617e-02 1.1497450e-02
7.5997306e-02 1.1486121e-02
7.5971609e-02 1.1481747e-02
7.5997314e-02 1.1477372e-02
7.6001635e-02 1.1477140e-02
7.5997314e-02 1.1476908e-02
7.5992264e-02 1.1473308e-02
7.5997321e-02 1.1469709e-02
7.6001661e-02 1.1447214e-02
7.6006001e-02 1.1424719e-02
7.6006012e-02 1.1411584e-02
7.6006023e-02 1.1398448e-02
7.6006024e-02 1.1397212e-02
7.6006025e-02 1.1395975e-02
7.6016281e-02 1.1393913e-02
7.6026537e-02 1.1391851e-02
7.6016294e-02 1.1378545e-02
7.6006052e-02 1.1365239e-02
7.6016319e-02 1.1349259e-02
7.6006079e-02 1.1333279e-02
7.6006088e-02 1.1323704e-02
7.6006096e-02 1.1314129e-02
7.6006111e-02 1.1295923e-02
7.6006127e-02 1.1277717e-02
7.6016384e-02 1.1274325e-02
7.6006127e-02 1.1277717e-02
7.6006127e-02 1.1277717e-02
7.6016384e-02 1.1274325e-02
7.6006133e-02 1.1270933e-02
7.6006139e-02 1.1263165e-02
7.6006146e-02 1.1255398e-02
7.6016406e-02 1.1248649e-02
7.6026665e-02 1.1241899e-02
7.6040866e-02 1.1226322e-02
7.6055067e-02 1.1210746e-02
7.6060004e-02 1.1209534e-02
7.6055070e-02 1.1208322e-02
7.6060005e-02 1.1208322e-02
7.6064940e-02 1.1208322e-02
7.6060009e-02 1.1203646e-02
7.6055077e-02 1.1198971e-02
7.6060018e-02 1.1192306e-02
7.6064959e-02 1.1185641e-02
7.6065559e-02 1.1185466e-02
7.6064960e-02 1.1185291e-02
7.6060038e-02 1.1169075e-02
7.6055117e-02 1.1152859e-02
7.6040930e-02 1.1151197e-02
7.6055119e-02 1.1149534e-02
7.6060072e-02 1.1129296e-02
7.6055153e-02 1.1109057e-02
7.6060090e-02 1.1107939e-02
7.6055155e-02 1.1106822e-02
7.6060116e-02 1.1076050e-02
7.6055207e-02 1.1045279e-02
7.6041024e-02 1.1039196e-02
7.6026841e-02 1.1033113e-02
7.6016594e-02 1.1025530e-02
7.6006346e-02 1.1017948e-02
7.6016603e-02 1.1014625e-02
7.6026859e-02 1.1011302e-02
7.6041051e-02 1.1007359e-02
7.6026866e-02 1.1003417e-02
7.6041058e-02 1.0999114e-02
7.6055249e-02 1.0994812e-02
7.6041064e-02 1.0991690e-02
7.6026878e-02 1.0988569e-02
7.6041066e-02 1.0988569e-02
7.6026878e-02 1.0988569e-02
7.6041079e-02 1.0973223e-02
7.6055280e-02 1.0957877e-02
7.6060215e-02 1.0957526e-02
7.6065151e-02 1.0957175e-02
7.6065756e-02 1.0950766e-02
7.6066362e-02 1.0944356e-02
7.6073509e-02 1.0941863e-02
7.6066366e-02 1.0939370e-02
7.6065778e-02 1.0924323e-02
7.6066391e-02 1.0909276e-02
7.6073549e-02 1.0894393e-02
7.6080706e-02 1.0879510e-02
7.6084798e-02 1.0872137e-02
7.6088890e-02 1.0864764e-02
7.6098753e-02 1.0864010e-02
7.6088891e-02 1.0863257e-02
7.6084835e-02 1.0826890e-02
7.6080779e-02 1.0790523e-02
7.6084866e-02 1.0789049e-02
7.6080782e-02 1.0787574e-02
7.6084891e-02 1.0759203e-02
7.6089000e-02 1.0730832e-02
7.6098867e-02 1.0724916e-02
7.6108735e-02 1.0718999e-02
7.6115802e-02 1.0709576e-02
7.6122869e-02 1.0700153e-02
7.6122982e-02 1.0697103e-02
7.6123095e-02 1.0694052e-02
7.6131039e-02 1.0691695e-02
7.6138983e-02 1.0689337e-02
7.6131052e-02 1.0675760e-02
7.6123121e-02 1.0662182e-02
7.6131069e-02 1.0654758e-02
7.6139017e-02 1.0647335e-02
7.6139508e-02 1.0627348e-02
7.6139999e-02 1.0607362e-02
7.6143810e-02 1.0586663e-02
7.6147622e-02 1.0565964e-02
7.6149326e-02 1.0563098e-02
7.6151031e-02 1.0560233e-02
7.6156742e-02 1.0555472e-02
7.6162453e-02 1.0550712e-02
7.6163437e-02 1.0549885e-02
7.6164422e-02 1.0549059e-02
7.6165037e-02 1.0541157e-02
7.6165653e-02 1.0533255e-02
7.6167643e-02 1.0525460e-02
7.6169632e-02 1.0517666e-02
7.6179195e-02 1.0517299e-02
7.6188758e-02 1.0516933e-02
7.6195766e-02 1.0506816e-02
7.6202774e-02 1.0496699e-02
7.6209659e-02 1.0492371e-02
7.6216544e-02 1.0488042e-02
7.6222084e-02 1.0470554e-02
7.6227624e-02 1.0453065e-02
7.6233720e-02 1.0423232e-02
7.6239816e-02 1.0393399e-02
7.6247264e-02 1.0376319e-02
7.6254713e-02 1.0359239e-02
7.6298173e-02 1.0354283e-02
7.6341634e-02 1.0349328e-02
7.6342264e-02 1.0345779e-02
7.6342895e-02 1.0342230e-02
7.6356905e-02 1.0329303e-02
7.6370915e-02 1.0316376e-02
7.6374396e-02 1.0312375e-02
7.6377876e-02 1.0308374e-02
7.6378274e-02 1.0304682e-02
7.6377882e-02 1.0300991e-02
7.6378294e-02 1.0278521e-02
7.6378707e-02 1.0256051e-02
7.6394199e-02 1.0251165e-02
7.6409692e-02 1.0246280e-02
7.6410176e-02 1.0245258e-02
7.6410659e-02 1.0244236e-02
7.6410179e-02 1.0240505e-02
7.6409700e-02 1.0236774e-02
7.6394212e-02 1.0234509e-02
7.6378725e-02 1.0232244e-02
7.6378331e-02 1.0231121e-02
7.6378727e-02 1.0229999e-02
7.6394227e-02 1.0216143e-02
7.6409726e-02 1.0202287e-02
7.6410210e-02 1.0201301e-02
7.6410693e-02 1.0200315e-02
7.6419398e-02 1.0199718e-02
7.6428103e-02 1.0199121e-02
7.6439492e-02 1.0193628e-02
7.6428112e-02 1.0188134e-02
7.6439508e-02 1.0172459e-02
7.6450905e-02 1.0156783e-02
7.6455156e-02 1.0143776e-02
7.6459406e-02 1.0130768e-02
7.6462448e-02 1.0090368e-02
7.6465489e-02 1.0049968e-02
7.6473390e-02 1.0030696e-02
7.6481292e-02 1.0011425e-02
7.6483156e-02 1.0006930e-02
7.6485021e-02 1.0002434e-02
7.6485146e-02 9.9846527e-03
7.6485271e-02 9.9668711e-03
7.6490935e-02 9.9626666e-03
7.6496599e-02 9.9584620e-03
7.6507341e-02 9.9453950e-03
7.6518084e-02 9.9323281e-03
7.6530698e-02 9.9278760e-03
