4.5731582e-03 8.3000086e-02
3.2501125e-03 8.2107824e-02
1.9268585e-03 8.1215431e-02
4.5538176e-04 6.7086938e-02
-0.0000000e+00 5.2931572e-02
4.8740365e-04 5.6771341e-02
-0.0000000e+00 6.0609435e-02
-5.0892551e-04 7.0919974e-02
-1.0170524e-03 8.1215431e-02
-5.0892551e-04 7.0919974e-02
-1.0176234e-03 7.3998197e-02
-5.0905282e-04 6.7306837e-02
-1.0183146e-03 6.4185734e-02
-5.0921513e-04 6.2397784e-02
-1.0185422e-03 6.0609435e-02
-1.5276048e-03 6.0440178e-02
-2.0366770e-03 6.0270918e-02
-2.7826800e-03 6.0440178e-02
-3.5286645e-03 6.0609435e-02
-3.6068303e-03 6.2397784e-02
-3.5286645e-03 6.0609435e-02
-3.6072645e-03 6.0440178e-02
-3.5286645e-03 6.0609435e-02
-3.6072645e-03 6.0440178e-02
-3.6858660e-03 6.0270918e-02
-3.6072645e-03 6.0440178e-02
-3.6858660e-03 6.0270918e-02
-4.1412053e-03 5.9614624e-02
-4.5965768e-03 5.8958278e-02
-4.7750095e-03 5.9614624e-02
-4.5965768e-03 5.8958278e-02
-4.7753424e-03 5.8434994e-02
-4.9541173e-03 5.7911679e-02
-4.9646209e-03 5.7605767e-02
-4.9751244e-03 5.7299845e-02
-5.3520864e-03 5.5888908e-02
-4.9759099e-03 5.4477749e-02
-5.3527277e-03 5.3704693e-02
-5.7295720e-03 5.2931572e-02
-5.3531358e-03 5.2267059e-02
-5.7299704e-03 5.1602500e-02
-5.3533537e-03 5.1483105e-02
-5.1640951e-03 5.1602500e-02
-5.4470667e-03 5.1483105e-02
-5.7300409e-03 5.1363709e-02
-5.4471915e-03 5.1036580e-02
-5.1643313e-03 5.0709440e-02
-5.4471915e-03 5.1036580e-02
-5.7302324e-03 5.0709440e-02
-5.8703014e-03 5.0499427e-02
-6.0103730e-03 5.0289409e-02
-6.3117945e-03 5.0015950e-02
-6.6132226e-03 4.9742483e-02
-6.3117945e-03 5.0015950e-02
-6.6130416e-03 5.0289409e-02
-6.5857256e-03 5.0499427e-02
-6.6130416e-03 5.0289409e-02
-6.7593704e-03 5.0499427e-02
-6.6130416e-03 5.0289409e-02
-6.5858858e-03 5.0015950e-02
-6.6132226e-03 4.9742483e-02
-6.7595348e-03 5.0015950e-02
-6.9058422e-03 5.0289409e-02
-6.7593704e-03 5.0499427e-02
-6.9056956e-03 5.0709440e-02
-7.4469042e-03 5.1036580e-02
-7.9883565e-03 5.0709440e-02
-8.1128076e-03 5.1036580e-02
-8.2372533e-03 5.1363709e-02
-8.1126217e-03 5.1483105e-02
-7.9879913e-03 5.1602500e-02
-8.1122915e-03 5.2267059e-02
-7.9874359e-03 5.2931572e-02
-8.1122915e-03 5.2267059e-02
-7.9874359e-03 5.2931572e-02
-7.4459147e-03 5.3574981e-02
-6.9044233e-03 5.4218345e-02
-7.4459147e-03 5.3574981e-02
-7.9868848e-03 5.4218345e-02
-7.4456038e-03 5.4348048e-02
-7.6297536e-03 5.4477749e-02
-7.2669621e-03 5.4675632e-02
-7.6295883e-03 5.4873510e-02
-7.2666512e-03 5.5452014e-02
-7.6290984e-03 5.6030481e-02
-7.8073540e-03 5.6572574e-02
-7.9855959e-03 5.7114633e-02
-8.1100961e-03 5.7207239e-02
-8.2345945e-03 5.7299845e-02
-8.5374248e-03 5.7605767e-02
-8.8402420e-03 5.7911679e-02
-8.9888305e-03 5.8434994e-02
-8.8397008e-03 5.8958278e-02
-8.9888305e-03 5.8434994e-02
-9.1374071e-03 5.8958278e-02
-8.9888305e-03 5.8434994e-02
-9.1374071e-03 5.8958278e-02
-8.9885137e-03 5.9034372e-02
-9.1373249e-03 5.9110466e-02
-9.5288279e-03 5.9240586e-02
-9.9203218e-03 5.9370703e-02
-9.9526126e-03 5.9240586e-02
-9.9849037e-03 5.9110466e-02
-1.0103930e-02 5.9240586e-02
-1.0223113e-02 5.9110466e-02
-1.0343243e-02 5.9034372e-02
-1.0223205e-02 5.8958278e-02
-1.0104378e-02 5.8488704e-02
-1.0223205e-02 5.8958278e-02
-1.0343575e-02 5.8488704e-02
-1.0223205e-02 5.8958278e-02
-1.0104378e-02 5.8488704e-02
-1.0223767e-02 5.8019104e-02
-1.0104378e-02 5.8488704e-02
-1.0223767e-02 5.8019104e-02
-1.0343890e-02 5.7965392e-02
-1.0223767e-02 5.8019104e-02
-1.0343890e-02 5.7965392e-02
-1.0223767e-02 5.8019104e-02
-1.0343575e-02 5.8488704e-02
-1.0223767e-02 5.8019104e-02
-1.0343575e-02 5.8488704e-02
-1.0223205e-02 5.8958278e-02
-1.0104054e-02 5.9034372e-02
-9.9849935e-03 5.8958278e-02
-9.9530536e-03 5.8488704e-02
-9.9211096e-03 5.8019104e-02
-9.5295408e-03 5.7965392e-02
-9.9211096e-03 5.8019104e-02
-9.9530536e-03 5.8488704e-02
-9.9211096e-03 5.8019104e-02
-9.5292501e-03 5.8488704e-02
-9.1379096e-03 5.8019104e-02
-8.9890765e-03 5.7965392e-02
-9.1379666e-03 5.7911679e-02
-8.9890765e-03 5.7965392e-02
-9.1379666e-03 5.7911679e-02
-8.9891662e-03 5.7793036e-02
-8.8403633e-03 5.7674391e-02
-8.5373324e-03 5.7793036e-02
-8.2343040e-03 5.7911679e-02
-8.5373324e-03 5.7793036e-02
-8.2344171e-03 5.7674391e-02
-8.1098226e-03 5.7793036e-02
-7.9852655e-03 5.7833785e-02
-7.9184641e-03 5.7754089e-02
-7.8516620e-03 5.7674391e-02
-7.7401070e-03 5.7487120e-02
-7.8518312e-03 5.7299845e-02
-7.7401070e-03 5.7487120e-02
-7.8516620e-03 5.7674391e-02
-7.9185860e-03 5.7487120e-02
-7.8518312e-03 5.7299845e-02
-7.7401070e-03 5.7487120e-02
-7.6283847e-03 5.7674391e-02
-7.4913185e-03 5.7754089e-02
-7.3542533e-03 5.7833785e-02
-7.2133960e-03 5.7754089e-02
-7.0724720e-03 5.7833785e-02
-7.0136433e-03 5.7872732e-02
-6.9548149e-03 5.7911679e-02
-6.9519386e-03 5.7965392e-02
-6.9491056e-03 5.7911679e-02
-6.9260646e-03 5.7872732e-02
-6.9030235e-03 5.7833785e-02
-6.9261121e-03 5.7754089e-02
-6.9030235e-03 5.7833785e-02
-6.7604611e-03 5.7872732e-02
-6.6178992e-03 5.7911679e-02
-6.6140853e-03 5.7965392e-02
-6.6103125e-03 5.7911679e-02
-6.5830925e-03 5.7872732e-02
-6.5558426e-03 5.7911679e-02
-6.5830925e-03 5.7872732e-02
-6.5558722e-03 5.7833785e-02
-6.5046732e-03 5.7754089e-02
-6.5559326e-03 5.7674391e-02
-6.5047734e-03 5.7487120e-02
-6.4535002e-03 5.7602988e-02
-6.2972637e-03 5.7451417e-02
-6.1410239e-03 5.7299845e-02
-6.0745666e-03 5.7293168e-02
-6.0081092e-03 5.7286492e-02
-6.0745697e-03 5.7284179e-02
-6.0081108e-03 5.7281866e-02
-6.0745997e-03 5.7198250e-02
-6.0081683e-03 5.7114633e-02
-6.0746734e-03 5.6985776e-02
-6.0082566e-03 5.6856918e-02
-6.0747834e-03 5.6667679e-02
-6.0082642e-03 5.6834843e-02
-5.8683634e-03 5.6656642e-02
-5.9064731e-03 5.6834843e-02
-5.9574290e-03 5.6656642e-02
-6.0083856e-03 5.6478436e-02
-5.9575644e-03 5.6254462e-02
-5.9067415e-03 5.6030481e-02
-5.9577116e-03 5.5813873e-02
-5.9068845e-03 5.5597259e-02
-5.8178302e-03 5.5545753e-02
-5.9069183e-03 5.5494247e-02
-5.8178696e-03 5.5423809e-02
-5.7288201e-03 5.5353371e-02
-5.8178696e-03 5.5423809e-02
-5.9069645e-03 5.5353371e-02
-5.8179669e-03 5.5121620e-02
-5.9071155e-03 5.4889863e-02
-5.9580193e-03 5.4881687e-02
-5.9071208e-03 5.4873510e-02
-5.9580262e-03 5.4860617e-02
-5.9071292e-03 5.4847724e-02
-5.9580669e-03 5.4736066e-02
-5.9072015e-03 5.4624407e-02
-5.8181416e-03 5.4574532e-02
-5.7290812e-03 5.4524657e-02
-5.8181416e-03 5.4574532e-02
-5.9072015e-03 5.4624407e-02
-5.8180902e-03 5.4736066e-02
-5.9071292e-03 5.4847724e-02
-5.9580262e-03 5.4860617e-02
-5.9071292e-03 5.4847724e-02
-5.8180902e-03 5.4736066e-02
-5.7290499e-03 5.4624407e-02
-5.7238016e-03 5.4574532e-02
-5.7185533e-03 5.4524657e-02
-5.4409309e-03 5.4501203e-02
-5.1633069e-03 5.4477749e-02
-5.0696212e-03 5.4431639e-02
-5.1633329e-03 5.4385528e-02
-5.0696507e-03 5.4324658e-02
-4.9759679e-03 5.4263788e-02
-4.9740522e-03 5.4324658e-02
-4.9759349e-03 5.4385528e-02
-5.0696212e-03 5.4431639e-02
-5.1633069e-03 5.4477749e-02
-5.2714082e-03 5.4431639e-02
-5.1633329e-03 5.4385528e-02
-5.2714389e-03 5.4324658e-02
-5.3795456e-03 5.4263788e-02
-5.2714629e-03 5.4241066e-02
-5.1633798e-03 5.4218345e-02
-5.0696809e-03 5.4214979e-02
-4.9759802e-03 5.4218345e-02
-5.0696738e-03 5.4241066e-02
-5.1633670e-03 5.4263788e-02
-5.2714389e-03 5.4324658e-02
-5.3795100e-03 5.4385528e-02
-5.2714389e-03 5.4324658e-02
-5.3795456e-03 5.4263788e-02
-5.2714629e-03 5.4241066e-02
-5.1633798e-03 5.4218345e-02
-5.2714703e-03 5.4214979e-02
-5.1633817e-03 5.4211613e-02
-5.2714703e-03 5.4214979e-02
-5.1633817e-03 5.4211613e-02
-5.0696989e-03 5.4149517e-02
-5.1634164e-03 5.4087421e-02
-5.2714891e-03 5.4149517e-02
-5.3795970e-03 5.4087421e-02
-5.2715321e-03 5.3998482e-02
-5.1634661e-03 5.3909542e-02
-5.2715812e-03 5.3825949e-02
-5.3796487e-03 5.3909542e-02
-5.2715812e-03 5.3825949e-02
-5.1634661e-03 5.3909542e-02
-5.2715321e-03 5.3998482e-02
-5.3795970e-03 5.4087421e-02
-5.2715321e-03 5.3998482e-02
-5.1634661e-03 5.3909542e-02
-5.0697876e-03 5.3825949e-02
-4.9761081e-03 5.3742355e-02
-5.0698247e-03 5.3690013e-02
-4.9761361e-03 5.3637670e-02
-4.9743308e-03 5.3284628e-02
-4.9725249e-03 5.2931572e-02
-4.9743308e-03 5.3284628e-02
-4.9725249e-03 5.2931572e-02
-4.9640080e-03 5.2922455e-02
-4.9554910e-03 5.2913338e-02
-4.9640080e-03 5.2922455e-02
-4.9725249e-03 5.2931572e-02
-4.9640080e-03 5.2922455e-02
-4.9725297e-03 5.2913338e-02
-4.9641531e-03 5.2367531e-02
-4.9557746e-03 5.1821693e-02
-4.7770977e-03 5.1772448e-02
-4.9557746e-03 5.1821693e-02
-4.7769933e-03 5.2192444e-02
-4.5982179e-03 5.2563181e-02
-4.7769933e-03 5.2192444e-02
-4.5983960e-03 5.1821693e-02
-4.7770977e-03 5.1772448e-02
-4.9557999e-03 5.1723202e-02
-4.9643352e-03 5.1662851e-02
-4.9558308e-03 5.1602500e-02
-4.7771248e-03 5.1662851e-02
-4.9557999e-03 5.1723202e-02
-4.9643352e-03 5.1662851e-02
-4.9728396e-03 5.1723202e-02
-4.9643071e-03 5.1772448e-02
-4.9557746e-03 5.1821693e-02
-4.7770977e-03 5.1772448e-02
-4.5984195e-03 5.1723202e-02
-4.3391464e-03 5.1772448e-02
-4.0798740e-03 5.1821693e-02
-3.8837429e-03 5.1827461e-02
-4.0798740e-03 5.1821693e-02
-3.8837429e-03 5.1827461e-02
-3.6876137e-03 5.1821693e-02
-3.6512715e-03 5.1827461e-02
-3.6149292e-03 5.1833229e-02
-3.6024715e-03 5.1827461e-02
-3.6024715e-03 5.1827461e-02
-3.6149314e-03 5.1821693e-02
-3.6024715e-03 5.1827461e-02
-3.6149314e-03 5.1821693e-02
-3.6024715e-03 5.1827461e-02
-3.5900137e-03 5.1821693e-02
-3.5602108e-03 5.1827461e-02
-3.5304099e-03 5.1821693e-02
-3.3903240e-03 5.1772448e-02
-3.2502373e-03 5.1723202e-02
-3.1816647e-03 5.1662851e-02
-3.2502576e-03 5.1602500e-02
-3.1816942e-03 5.1483105e-02
-3.1131300e-03 5.1363709e-02
-3.1817350e-03 5.1234013e-02
-3.2503408e-03 5.1104316e-02
-3.1817666e-03 5.1040077e-02
-3.2503621e-03 5.0975839e-02
-3.3904838e-03 5.0854896e-02
-3.5306070e-03 5.0733951e-02
-3.3905068e-03 5.0721696e-02
-3.2504062e-03 5.0709440e-02
-3.1818475e-03 5.0539445e-02
-3.1132875e-03 5.0369448e-02
-3.0454785e-03 5.0329428e-02
-3.1132875e-03 5.0369448e-02
-3.1818475e-03 5.0539445e-02
-3.2504062e-03 5.0709440e-02
-3.2504062e-03 5.0709440e-02
-3.3905068e-03 5.0721696e-02
-3.2504062e-03 5.0709440e-02
-3.3905381e-03 5.0539445e-02
-3.5306721e-03 5.0369448e-02
-3.5604834e-03 5.0329428e-02
-3.5306864e-03 5.0289409e-02
-3.3905740e-03 5.0329428e-02
-3.2504752e-03 5.0289409e-02
-3.3905895e-03 5.0238500e-02
-3.5307044e-03 5.0187590e-02
-3.3905982e-03 5.0187500e-02
-3.5307045e-03 5.0187410e-02
-3.5605130e-03 5.0164249e-02
-3.5903216e-03 5.0141088e-02
-3.6028175e-03 4.9941787e-02
-3.6153134e-03 4.9742483e-02
-3.6028175e-03 4.9941787e-02
-3.5903931e-03 4.9742483e-02
-3.6028939e-03 4.9515493e-02
-3.5904739e-03 4.9288497e-02
-3.5606282e-03 4.9515493e-02
-3.5308625e-03 4.9288497e-02
-3.5282788e-03 4.9271097e-02
-3.5256951e-03 4.9253696e-02
-3.3881696e-03 4.9250796e-02
-3.2506438e-03 4.9247896e-02
-3.2060784e-03 4.9250796e-02
-3.1615130e-03 4.9253696e-02
-3.1374842e-03 4.9271097e-02
-3.1615130e-03 4.9253696e-02
-3.2060752e-03 4.9271097e-02
-3.2506429e-03 4.9253696e-02
-3.3881696e-03 4.9250796e-02
-3.5256951e-03 4.9253696e-02
-3.5282823e-03 4.9250796e-02
-3.5308685e-03 4.9253696e-02
-3.5606712e-03 4.9271097e-02
-3.5904739e-03 4.9288497e-02
-3.6029374e-03 4.9271097e-02
-3.6154010e-03 4.9253696e-02
-3.6517437e-03 4.9271097e-02
-3.6880864e-03 4.9288497e-02
-3.6517437e-03 4.9271097e-02
-3.6880864e-03 4.9288497e-02
-3.8841983e-03 4.9515493e-02
-4.0803052e-03 4.9742483e-02
-3.8841983e-03 4.9515493e-02
-3.6880864e-03 4.9288497e-02
-3.6516996e-03 4.9515493e-02
-3.6880034e-03 4.9742483e-02
-3.8841158e-03 4.9941787e-02
-4.0802239e-03 5.0141088e-02
-3.8841158e-03 4.9941787e-02
-3.6879299e-03 5.0141088e-02
-3.8840726e-03 5.0164249e-02
-3.6879299e-03 5.0141088e-02
-3.6516221e-03 4.9941787e-02
-3.6880034e-03 4.9742483e-02
-3.8841983e-03 4.9515493e-02
-3.6880864e-03 4.9288497e-02
-3.8842452e-03 4.9271097e-02
-3.6880927e-03 4.9253696e-02
-3.8842491e-03 4.9250796e-02
-4.0804052e-03 4.9247896e-02
-3.8842575e-03 4.9206791e-02
-3.6881087e-03 4.9165686e-02
-3.8842686e-03 4.9148761e-02
-3.6881148e-03 4.9131835e-02
-3.6518174e-03 4.8859972e-02
-3.6882129e-03 4.8588102e-02
-3.6518804e-03 4.8506339e-02
-3.6882422e-03 4.8424575e-02
-3.6519271e-03 4.8241817e-02
-3.6883073e-03 4.8059056e-02
-3.8844905e-03 4.7973432e-02
-3.6883376e-03 4.7887807e-02
-3.6519968e-03 4.7844935e-02
-3.6156410e-03 4.7887807e-02
-3.6519743e-03 4.7973432e-02
-3.6156410e-03 4.7887807e-02
-3.6031871e-03 4.7844935e-02
-3.5907332e-03 4.7802062e-02
-3.5609180e-03 4.7844935e-02
-3.5907185e-03 4.7887807e-02
-3.5608961e-03 4.7973432e-02
-3.5906889e-03 4.8059056e-02
-3.5608501e-03 4.8241817e-02
-3.5906256e-03 4.8424575e-02
-3.6030722e-03 4.8506339e-02
-3.5905971e-03 4.8588102e-02
-3.5607431e-03 4.8859972e-02
-3.5905971e-03 4.8588102e-02
-3.6030722e-03 4.8506339e-02
-3.6155188e-03 4.8588102e-02
-3.6518804e-03 4.8506339e-02
-3.6882129e-03 4.8588102e-02
nan nan
nan nan
nan nan
nan nan
nan nan
nan nan
nan nan
nan nan
nan nan
nan nan
nan nan
nan nan
nan nan
nan nan
nan nan
nan nan
nan nan
nan nan
nan nan
nan nan
nan nan
nan nan
nan nan
nan nan
nan nan
nan nan
nan nan
nan nan
nan nan
nan nan
nan nan
nan nan
nan nan
nan nan
nan nan
nan nan
nan nan
nan nan
nan nan
nan nan
nan nan
nan nan
nan nan
nan nan
nan nan
nan nan
nan nan
nan nan
nan nan
nan nan
nan nan
nan nan
nan nan
nan nan
nan nan
nan nan
nan nan
nan nan
nan nan
nan nan
nan nan
nan nan
nan nan
nan nan
nan nan
nan nan
nan nan
nan nan
nan nan
nan nan
nan nan
nan nan
nan nan
nan nan
nan nan
nan nan
nan nan
nan nan
nan nan
nan nan
nan nan
nan nan
nan nan
-5.6294581e-03 4.7170140e-02
-5.6294581e-03 4.7170140e-02
-5.6294581e-03 4.7170140e-02
-5.7207104e-03 4.7109524e-02
-5.6294581e-03 4.7170140e-02
-5.7207104e-03 4.7109524e-02
-5.7260230e-03 4.6936005e-02
-5.7260230e-03 4.6936005e-02
-5.7313356e-03 4.6762484e-02
-5.8173898e-03 4.6762241e-02
-5.9034440e-03 4.6761998e-02
-5.9034440e-03 4.6761998e-02
-5.9065213e-03 4.6689163e-02
-5.9065213e-03 4.6689163e-02
-5.9065213e-03 4.6689163e-02
-5.9095986e-03 4.6616328e-02
-5.9605008e-03 4.6689163e-02
-6.0114435e-03 4.6616328e-02
-6.0361812e-03 4.6478061e-02
-6.0609190e-03 4.6339793e-02
-6.0609190e-03 4.6339793e-02
-6.0890773e-03 4.6325807e-02
-6.0890773e-03 4.6325807e-02
-6.0890773e-03 4.6325807e-02
-6.1172357e-03 4.6311821e-02
-6.1309517e-03 4.6057930e-02
-6.1446676e-03 4.5804032e-02
-6.1462396e-03 4.6057930e-02
-6.1446676e-03 4.5804032e-02
-6.1463705e-03 4.5593626e-02
-6.1446676e-03 4.5804032e-02
-6.1463705e-03 4.5593626e-02
-6.1480732e-03 4.5383215e-02
-6.3027593e-03 4.5593626e-02
-6.1480732e-03 4.5383215e-02
-6.3027593e-03 4.5593626e-02
-6.4575658e-03 4.5383215e-02
-6.4632238e-03 4.5375208e-02
-6.4632238e-03 4.5375208e-02
-6.4575705e-03 4.5367201e-02
-6.4632238e-03 4.5375208e-02
-6.4688771e-03 4.5383215e-02
-6.5144858e-03 4.5375208e-02
-6.5600945e-03 4.5367201e-02
-6.5873448e-03 4.5375208e-02
-6.6145998e-03 4.5367201e-02
-6.6184255e-03 4.5267371e-02
-6.6222512e-03 4.5167539e-02
-6.7648611e-03 4.5267371e-02
-6.7648611e-03 4.5267371e-02
-6.9074694e-03 4.5367201e-02
-6.7648611e-03 4.5267371e-02
-6.9074694e-03 4.5367201e-02
-6.9305384e-03 4.5375208e-02
-6.9536125e-03 4.5367201e-02
-6.9564665e-03 4.5375208e-02
-6.9593205e-03 4.5383215e-02
-7.0181040e-03 4.5593626e-02
-6.9593205e-03 4.5383215e-02
-7.0181040e-03 4.5593626e-02
-6.9593205e-03 4.5383215e-02
-7.0181040e-03 4.5593626e-02
-7.0768860e-03 4.5804032e-02
-7.1014967e-03 4.6057930e-02
-7.0768860e-03 4.5804032e-02
-7.1014967e-03 4.6057930e-02
-7.1261064e-03 4.6311821e-02
-7.1014967e-03 4.6057930e-02
-7.1261064e-03 4.6311821e-02
-7.1014967e-03 4.6057930e-02
-7.1261064e-03 4.6311821e-02
-7.2423841e-03 4.6325807e-02
-7.3586709e-03 4.6311821e-02
-7.4343861e-03 4.6057930e-02
-7.5101026e-03 4.5804032e-02
-7.5281411e-03 4.5593626e-02
-7.5461796e-03 4.5383215e-02
-7.5601512e-03 4.5375208e-02
-7.5741228e-03 4.5367201e-02
-7.5601512e-03 4.5375208e-02
-7.5741228e-03 4.5367201e-02
-7.6037095e-03 4.5267371e-02
-7.6332964e-03 4.5167539e-02
-7.6038362e-03 4.4897806e-02
-7.5743748e-03 4.4628065e-02
-7.6038362e-03 4.4897806e-02
-7.6332964e-03 4.5167539e-02
-7.7449720e-03 4.5267371e-02
-7.8567174e-03 4.5167539e-02
-7.9235633e-03 4.5267371e-02
-7.9904806e-03 4.5167539e-02
-8.0918624e-03 4.4897806e-02
-8.1932458e-03 4.4628065e-02
-8.0919631e-03 4.4619972e-02
-8.1932517e-03 4.4611878e-02
-8.2165927e-03 4.4599614e-02
-8.2399336e-03 4.4587351e-02
-8.2165927e-03 4.4599614e-02
-8.1932607e-03 4.4587351e-02
-8.0920223e-03 4.4455770e-02
-8.1933566e-03 4.4324187e-02
-8.0920223e-03 4.4455770e-02
-8.1933566e-03 4.4324187e-02
-8.2166964e-03 4.4315802e-02
-8.2400301e-03 4.4324187e-02
-8.5092496e-03 4.4455770e-02
-8.7785673e-03 4.4324187e-02
-8.7926381e-03 4.4315802e-02
-8.7785673e-03 4.4324187e-02
-8.5092496e-03 4.4455770e-02
-8.2400301e-03 4.4324187e-02
-8.5093025e-03 4.4315802e-02
-8.7785673e-03 4.4324187e-02
-8.5092496e-03 4.4455770e-02
-8.7784645e-03 4.4587351e-02
-8.7925834e-03 4.4455770e-02
-8.7784645e-03 4.4587351e-02
-8.7925834e-03 4.4455770e-02
-8.7784645e-03 4.4587351e-02
-8.7925271e-03 4.4599614e-02
-8.8065992e-03 4.4587351e-02
-8.7925271e-03 4.4599614e-02
-8.7784549e-03 4.4611878e-02
-8.5091873e-03 4.4619972e-02
-8.2399186e-03 4.4628065e-02
-8.2164830e-03 4.4897806e-02
-8.2399186e-03 4.4628065e-02
-8.2164830e-03 4.4897806e-02
-8.2399186e-03 4.4628065e-02
-8.2164830e-03 4.4897806e-02
-8.2399186e-03 4.4628065e-02
-8.5091873e-03 4.4619972e-02
-8.7784486e-03 4.4628065e-02
-8.5090814e-03 4.4897806e-02
-8.2397189e-03 4.5167539e-02
-8.3489276e-03 4.5267371e-02
-8.2396444e-03 4.5367201e-02
-8.2163058e-03 4.5375208e-02
-8.2396444e-03 4.5367201e-02
-8.3489276e-03 4.5267371e-02
-8.2396444e-03 4.5367201e-02
-8.2163058e-03 4.5375208e-02
-8.2396384e-03 4.5383215e-02
-8.2162241e-03 4.5593626e-02
-8.1928099e-03 4.5804032e-02
-8.0914352e-03 4.6057930e-02
-7.9900622e-03 4.6311821e-02
-8.0913350e-03 4.6325807e-02
-7.9900518e-03 4.6339793e-02
-8.0913350e-03 4.6325807e-02
-7.9900518e-03 4.6339793e-02
-7.9231229e-03 4.6478061e-02
-7.8561947e-03 4.6616328e-02
-7.7444654e-03 4.6689163e-02
-7.6327366e-03 4.6761998e-02
-7.6031861e-03 4.6762241e-02
-7.5736356e-03 4.6762484e-02
-7.6031242e-03 4.6936005e-02
-7.6326120e-03 4.7109524e-02
-7.6030581e-03 4.7120744e-02
-7.5735042e-03 4.7131965e-02
-7.5595244e-03 4.7165696e-02
-7.5455447e-03 4.7199427e-02
-7.5275743e-03 4.7215092e-02
-7.5455336e-03 4.7230756e-02
-7.5275614e-03 4.7251153e-02
-7.5455190e-03 4.7271549e-02
-7.5594939e-03 4.7251153e-02
-7.5455190e-03 4.7271549e-02
-7.5275423e-03 4.7304832e-02
-7.5095657e-03 4.7338114e-02
-7.5275254e-03 4.7352205e-02
-7.5095556e-03 4.7366296e-02
-7.5274917e-03 4.7446587e-02
-7.5094984e-03 4.7526877e-02
-7.5274606e-03 4.7533492e-02
-7.5454229e-03 4.7540107e-02
-7.5593497e-03 4.7652973e-02
-7.5732762e-03 4.7765838e-02
-7.5593024e-03 4.7783950e-02
-7.5453286e-03 4.7802062e-02
-7.5273488e-03 4.7844935e-02
-7.5093690e-03 4.7887807e-02
-7.4337161e-03 4.7973432e-02
-7.3580638e-03 4.8059056e-02
-7.3361010e-03 4.8241817e-02
-7.3142674e-03 4.8059056e-02
-7.2198294e-03 4.8241817e-02
-7.1253928e-03 4.8424575e-02
-7.1006984e-03 4.8435743e-02
-7.0760040e-03 4.8446910e-02
-7.0171378e-03 4.8517506e-02
-7.0759555e-03 4.8588102e-02
-7.0170293e-03 4.8834768e-02
-6.9581041e-03 4.9081429e-02
-6.9552395e-03 4.9106632e-02
-6.9523749e-03 4.9131835e-02
-6.9293016e-03 4.9148761e-02
-6.9062284e-03 4.9165686e-02
-6.8368106e-03 4.9206791e-02
-6.7673930e-03 4.9247896e-02
-6.8367958e-03 4.9250796e-02
-6.7673911e-03 4.9253696e-02
-6.7023202e-03 4.9257455e-02
-6.6372494e-03 4.9261213e-02
-6.7023145e-03 4.9274855e-02
-6.6372405e-03 4.9288497e-02
-6.6290811e-03 4.9349399e-02
-6.6209217e-03 4.9410300e-02
-6.6171267e-03 4.9410300e-02
-6.6133316e-03 4.9410300e-02
-6.5860301e-03 4.9576393e-02
-6.5587288e-03 4.9742483e-02
-6.5130671e-03 4.9941787e-02
-6.4674062e-03 5.0141088e-02
-6.4617443e-03 5.0164249e-02
-6.4560824e-03 5.0187410e-02
-6.3013718e-03 5.0187500e-02
-6.1466608e-03 5.0187590e-02
-6.1450017e-03 5.0238500e-02
-6.1466294e-03 5.0289409e-02
-6.1449736e-03 5.0329428e-02
-6.1433177e-03 5.0369448e-02
-6.1296552e-03 5.0437954e-02
-6.1159927e-03 5.0506461e-02
-6.0878440e-03 5.0506461e-02
-6.0596953e-03 5.0506461e-02
-6.0349703e-03 5.0607951e-02
-6.0102454e-03 5.0709440e-02
-5.9593293e-03 5.0721696e-02
-5.9084134e-03 5.0733951e-02
-5.9053205e-03 5.0854896e-02
-5.9022275e-03 5.0975839e-02
-5.8763973e-03 5.1040077e-02
-5.8505673e-03 5.1104316e-02
-5.7903406e-03 5.1109851e-02
-5.7301139e-03 5.1115387e-02
-5.7248128e-03 5.1238653e-02
-5.7195118e-03 5.1361917e-02
-5.6282944e-03 5.1362813e-02
-5.5370770e-03 5.1363709e-02
-5.4586986e-03 5.1452940e-02
-5.3803209e-03 5.1542171e-02
-5.2803295e-03 5.1572336e-02
-5.3803041e-03 5.1602500e-02
-5.2803049e-03 5.1662851e-02
-5.1803061e-03 5.1723202e-02
-5.1725411e-03 5.1772448e-02
-5.1647761e-03 5.1821693e-02
-5.1644048e-03 5.1827461e-02
-5.1640335e-03 5.1833229e-02
-5.1235698e-03 5.1827461e-02
-5.0831031e-03 5.1833229e-02
-5.1235024e-03 5.2080607e-02
-5.1639003e-03 5.2327979e-02
-5.1642411e-03 5.2434922e-02
-5.1639003e-03 5.2327979e-02
-5.1235024e-03 5.2080607e-02
-5.1639003e-03 5.2327979e-02
-5.1235024e-03 5.2080607e-02
-5.0831031e-03 5.1833229e-02
-5.0533947e-03 5.1827461e-02
-5.0236861e-03 5.1821693e-02
-5.0001624e-03 5.1772448e-02
-4.9766131e-03 5.1821693e-02
-4.9754943e-03 5.1827461e-02
-4.9743755e-03 5.1833229e-02
-4.9735948e-03 5.1827461e-02
-4.9728142e-03 5.1821693e-02
-4.9643071e-03 5.1772448e-02
-4.9557999e-03 5.1723202e-02
-4.7936735e-03 5.1772448e-02
-4.6315477e-03 5.1821693e-02
-4.6221709e-03 5.1827461e-02
-4.6127940e-03 5.1833229e-02
-4.6055344e-03 5.2080607e-02
-4.5983933e-03 5.1833229e-02
-4.5956062e-03 5.1827461e-02
-4.5983933e-03 5.1833229e-02
-4.5955457e-03 5.2080607e-02
-4.5926979e-03 5.2327979e-02
-4.5144555e-03 5.2386751e-02
-4.4362135e-03 5.2445523e-02
-4.3602983e-03 5.2493693e-02
-4.4362135e-03 5.2445523e-02
-4.5144302e-03 5.2493693e-02
-4.4361910e-03 5.2541864e-02
-4.5144162e-03 5.2552522e-02
-4.4361860e-03 5.2563181e-02
-4.3602449e-03 5.2726090e-02
-4.2843049e-03 5.2888996e-02
-4.1841910e-03 5.2901167e-02
-4.0840771e-03 5.2913338e-02
-4.0818569e-03 5.2922455e-02
-4.0796367e-03 5.2931572e-02
-3.8835199e-03 5.2922455e-02
-3.6873991e-03 5.2931572e-02
-3.6510429e-03 5.3020462e-02
-3.6146870e-03 5.3109351e-02
-3.6510429e-03 5.3020462e-02
-3.6146870e-03 5.3109351e-02
-3.6021994e-03 5.3263447e-02
-3.5897120e-03 5.3417541e-02
-3.5598988e-03 5.3490149e-02
-3.5300858e-03 5.3562756e-02
-3.5274925e-03 5.3600213e-02
-3.5248993e-03 5.3637670e-02
-3.3874034e-03 5.3643068e-02
-3.2499073e-03 5.3648466e-02
-3.2336497e-03 5.3695411e-02
-3.2173922e-03 5.3742355e-02
-3.1890726e-03 5.3825949e-02
-3.2173922e-03 5.3742355e-02
-3.1890726e-03 5.3825949e-02
-3.1607531e-03 5.3909542e-02
-3.1367299e-03 5.3926433e-02
-3.1127068e-03 5.3943325e-02
-3.1367299e-03 5.3926433e-02
-3.1127068e-03 5.3943325e-02
-3.0448924e-03 5.4015373e-02
-2.9770785e-03 5.4087421e-02
-3.0448924e-03 5.4015373e-02
-2.9770785e-03 5.4087421e-02
-3.0448924e-03 5.4015373e-02
-3.1127068e-03 5.3943325e-02
-3.0449070e-03 5.3926433e-02
-2.9771017e-03 5.3943325e-02
-3.0449070e-03 5.3926433e-02
-3.1127124e-03 5.3909542e-02
-3.0449235e-03 5.3825949e-02
-2.9771339e-03 5.3742355e-02
-2.9680315e-03 5.3695411e-02
-2.9589141e-03 5.3742355e-02
-2.9680106e-03 5.3825949e-02
-2.9588875e-03 5.3909542e-02
-2.9244857e-03 5.3825949e-02
-2.8900577e-03 5.3909542e-02
-2.8108894e-03 5.3926433e-02
-2.7317262e-03 5.3909542e-02
-2.7011460e-03 5.3825949e-02
-2.7317508e-03 5.3742355e-02
-2.7011460e-03 5.3825949e-02
-2.7317262e-03 5.3909542e-02
-2.7011314e-03 5.3926433e-02
-2.6705367e-03 5.3943325e-02
-2.6265588e-03 5.4015373e-02
-2.5825813e-03 5.4087421e-02
-2.5747656e-03 5.4116538e-02
-2.5825813e-03 5.4087421e-02
-2.5747656e-03 5.4116538e-02
-2.5825813e-03 5.4087421e-02
-2.5747797e-03 5.4015373e-02
-2.5669780e-03 5.3943325e-02
-2.4891529e-03 5.4015373e-02
-2.4113471e-03 5.3943325e-02
-2.3204849e-03 5.3926433e-02
-2.2296224e-03 5.3909542e-02
-2.1335181e-03 5.3926433e-02
-2.0374139e-03 5.3943325e-02
-2.0241254e-03 5.4015373e-02
-2.0108369e-03 5.4087421e-02
-1.9803775e-03 5.4015373e-02
-1.9499178e-03 5.3943325e-02
-1.9803870e-03 5.3926433e-02
-1.9499214e-03 5.3909542e-02
-1.9115803e-03 5.3909364e-02
-1.8732393e-03 5.3909186e-02
-1.9115890e-03 5.3825771e-02
-1.8732561e-03 5.3742355e-02
-1.8476570e-03 5.3825771e-02
-1.8220580e-03 5.3909186e-02
-1.8476570e-03 5.3825771e-02
-1.8220580e-03 5.3909186e-02
-1.7885019e-03 5.3825771e-02
-1.7549297e-03 5.3909186e-02
-1.7885019e-03 5.3825771e-02
-1.7549297e-03 5.3909186e-02
-1.6537078e-03 5.3909364e-02
-1.5524859e-03 5.3909542e-02
-1.5250118e-03 5.3926433e-02
-1.4975377e-03 5.3943325e-02
-1.4799898e-03 5.3926433e-02
-1.4624392e-03 5.3943325e-02
-1.4167393e-03 5.3926433e-02
-1.3710369e-03 5.3943325e-02
-1.3593822e-03 5.4015373e-02
-1.3477277e-03 5.4087421e-02
-1.2757628e-03 5.4098468e-02
-1.2037979e-03 5.4109514e-02
-1.2757628e-03 5.4098468e-02
-1.2037979e-03 5.4109514e-02
-1.1503078e-03 5.4127585e-02
-1.0968177e-03 5.4145656e-02
-1.0578672e-03 5.4178634e-02
-1.0189168e-03 5.4211613e-02
-9.9693104e-04 5.4214979e-02
-9.7494533e-04 5.4218345e-02
-9.3671104e-04 5.4241066e-02
-8.9847685e-04 5.4263788e-02
-8.7994764e-04 5.4303662e-02
-8.6141850e-04 5.4343537e-02
-7.6973426e-04 5.4364532e-02
-8.6141850e-04 5.4343537e-02
-7.6973681e-04 5.4303662e-02
-6.7805178e-04 5.4343537e-02
-6.4885742e-04 5.4364532e-02
-6.1966454e-04 5.4343537e-02
-5.2404535e-04 5.4303662e-02
-4.2842387e-04 5.4343537e-02
-4.1798968e-04 5.4364532e-02
-4.0755551e-04 5.4385528e-02
-3.0823520e-04 5.4389468e-02
-2.0891502e-04 5.4385528e-02
-1.2146220e-04 5.4389468e-02
-3.4009408e-05 5.4393408e-02
-2.6819485e-05 5.4403457e-02
-1.9629570e-05 5.4413505e-02
-1.2522916e-05 5.4445627e-02
-5.4162882e-06 5.4477749e-02
-2.7081406e-06 5.4501203e-02
-0.0000000e+00 5.4524657e-02
6.3582432e-05 5.4501203e-02
1.2716503e-04 5.4477749e-02
1.3491882e-04 5.4501203e-02
1.4267296e-04 5.4477749e-02
1.5038482e-04 5.4501203e-02
1.5809666e-04 5.4524657e-02
1.9869900e-04 5.4501203e-02
2.3930146e-04 5.4477749e-02
2.5442117e-04 5.4445627e-02
2.6954093e-04 5.4413505e-02
3.3044427e-04 5.4403457e-02
3.9134767e-04 5.4393408e-02
4.4417542e-04 5.4389468e-02
4.9700318e-04 5.4385528e-02
5.8012490e-04 5.4389468e-02
6.6324685e-04 5.4385528e-02
6.9329331e-04 5.4389468e-02
7.2333975e-04 5.4393408e-02
7.4586042e-04 5.4403457e-02
7.6838105e-04 5.4413505e-02
7.8878720e-04 5.4445627e-02
7.6838105e-04 5.4413505e-02
7.8878720e-04 5.4445627e-02
8.0919328e-04 5.4477749e-02
8.4671571e-04 5.4501203e-02
8.8423805e-04 5.4524657e-02
9.2958292e-04 5.4537251e-02
9.7492773e-04 5.4549844e-02
9.2958292e-04 5.4537251e-02
9.7492773e-04 5.4549844e-02
9.2958292e-04 5.4537251e-02
8.8423805e-04 5.4524657e-02
9.2958475e-04 5.4501203e-02
9.7492907e-04 5.4524657e-02
9.2958475e-04 5.4501203e-02
8.8423805e-04 5.4524657e-02
9.2958475e-04 5.4501203e-02
9.7493157e-04 5.4477749e-02
1.0025484e-03 5.4445627e-02
1.0301653e-03 5.4413505e-02
1.1091842e-03 5.4403457e-02
1.1882031e-03 5.4393408e-02
1.1091850e-03 5.4389468e-02
1.1882036e-03 5.4385528e-02
1.2588308e-03 5.4389468e-02
1.3294585e-03 5.4385528e-02
1.3959329e-03 5.4364532e-02
1.4624075e-03 5.4343537e-02
1.5443055e-03 5.4303662e-02
1.6261968e-03 5.4343537e-02
1.5443055e-03 5.4303662e-02
1.6261968e-03 5.4343537e-02
1.6303295e-03 5.4303662e-02
1.6344622e-03 5.4263788e-02
1.6946812e-03 5.4241066e-02
1.7548960e-03 5.4263788e-02
1.6946812e-03 5.4241066e-02
1.7548960e-03 5.4263788e-02
1.7738629e-03 5.4303662e-02
1.7928296e-03 5.4343537e-02
1.8612370e-03 5.4364532e-02
1.9296443e-03 5.4385528e-02
1.9300079e-03 5.4389468e-02
1.9303716e-03 5.4393408e-02
1.9348213e-03 5.4403457e-02
1.9392710e-03 5.4413505e-02
1.9445662e-03 5.4445627e-02
1.9498613e-03 5.4477749e-02
1.9445662e-03 5.4445627e-02
1.9392642e-03 5.4477749e-02
1.9445603e-03 5.4501203e-02
1.9498563e-03 5.4524657e-02
1.9445603e-03 5.4501203e-02
1.9498613e-03 5.4477749e-02
1.9445603e-03 5.4501203e-02
1.9498563e-03 5.4524657e-02
1.9445603e-03 5.4501203e-02
1.9498563e-03 5.4524657e-02
1.9445603e-03 5.4501203e-02
1.9498563e-03 5.4524657e-02
1.9629626e-03 5.4501203e-02
1.9760690e-03 5.4477749e-02
1.9778303e-03 5.4445627e-02
1.9795916e-03 5.4413505e-02
1.9849838e-03 5.4403457e-02
1.9903760e-03 5.4393408e-02
2.0049426e-03 5.4389468e-02
2.0195091e-03 5.4385528e-02
2.0334391e-03 5.4364532e-02
2.0473690e-03 5.4343537e-02
2.0887534e-03 5.4303662e-02
2.1301380e-03 5.4263788e-02
2.1500874e-03 5.4241066e-02
2.1700369e-03 5.4218345e-02
2.2099542e-03 5.4214979e-02
2.1700377e-03 5.4211613e-02
2.2099586e-03 5.4178634e-02
2.2498796e-03 5.4145656e-02
2.2549951e-03 5.4128418e-02
2.2601105e-03 5.4111181e-02
2.2714598e-03 5.4110348e-02
2.2828090e-03 5.4109514e-02
2.2852825e-03 5.4098468e-02
2.2877560e-03 5.4087421e-02
2.2929318e-03 5.4050383e-02
2.2877651e-03 5.4013346e-02
2.2929407e-03 5.3978335e-02
2.2981163e-03 5.3943325e-02
2.3832829e-03 5.3926433e-02
2.2981205e-03 5.3909542e-02
2.3832851e-03 5.3909364e-02
2.4684496e-03 5.3909186e-02
2.4716740e-03 5.3909364e-02
2.4684496e-03 5.3909186e-02
2.4716740e-03 5.3909364e-02
2.4748984e-03 5.3909186e-02
2.4852597e-03 5.3909364e-02
2.4956211e-03 5.3909186e-02
2.5211427e-03 5.3902207e-02
2.5466623e-03 5.3909186e-02
2.5522914e-03 5.3909364e-02
2.5579204e-03 5.3909542e-02
2.5522914e-03 5.3909364e-02
2.5579204e-03 5.3909542e-02
2.5522914e-03 5.3909364e-02
2.5466623e-03 5.3909186e-02
2.5522914e-03 5.3909364e-02
2.5466623e-03 5.3909542e-02
2.5211417e-03 5.3909364e-02
2.4956211e-03 5.3909186e-02
2.4852607e-03 5.3902207e-02
2.4749002e-03 5.3895227e-02
2.4716796e-03 5.3866926e-02
2.4684590e-03 5.3838625e-02
2.3832970e-03 5.3816414e-02
2.4684590e-03 5.3838625e-02
2.4716796e-03 5.3866926e-02
2.4684590e-03 5.3838625e-02
2.4716796e-03 5.3866926e-02
2.4749002e-03 5.3895227e-02
2.4716796e-03 5.3866926e-02
2.4749002e-03 5.3895227e-02
2.4716796e-03 5.3866926e-02
2.4684590e-03 5.3838625e-02
2.3832905e-03 5.3866926e-02
2.2981223e-03 5.3895227e-02
2.3832860e-03 5.3902207e-02
2.2981223e-03 5.3895227e-02
2.3832905e-03 5.3866926e-02
2.4684515e-03 5.3895227e-02
2.4716749e-03 5.3902207e-02
2.4684496e-03 5.3909186e-02
2.3832860e-03 5.3902207e-02
2.4684496e-03 5.3909186e-02
2.4716740e-03 5.3909364e-02
2.4748983e-03 5.3909542e-02
2.4852574e-03 5.3926433e-02
2.4956165e-03 5.3943325e-02
2.4852574e-03 5.3926433e-02
2.4956165e-03 5.3943325e-02
2.4852574e-03 5.3926433e-02
2.4748983e-03 5.3909542e-02
2.4852574e-03 5.3926433e-02
2.4748983e-03 5.3909542e-02
2.4852574e-03 5.3926433e-02
2.4748983e-03 5.3909542e-02
2.4852574e-03 5.3926433e-02
2.4748938e-03 5.3943325e-02
2.4852504e-03 5.3978335e-02
2.4956071e-03 5.4013346e-02
2.5211225e-03 5.4050383e-02
2.5466378e-03 5.4087421e-02
2.5522655e-03 5.4097036e-02
2.5578931e-03 5.4106651e-02
2.5522655e-03 5.4097036e-02
2.5466378e-03 5.4087421e-02
2.5522655e-03 5.4097036e-02
2.5578931e-03 5.4106651e-02
2.5585675e-03 5.4108083e-02
2.5578927e-03 5.4109514e-02
2.5585671e-03 5.4110348e-02
2.5592416e-03 5.4111181e-02
2.6096498e-03 5.4128418e-02
2.5592416e-03 5.4111181e-02
2.6096498e-03 5.4128418e-02
2.6600578e-03 5.4145656e-02
2.6096498e-03 5.4128418e-02
2.6600578e-03 5.4145656e-02
2.6096498e-03 5.4128418e-02
2.6600578e-03 5.4145656e-02
2.6612020e-03 5.4178634e-02
2.6623462e-03 5.4211613e-02
2.6717202e-03 5.4214979e-02
2.6810941e-03 5.4218345e-02
2.7273162e-03 5.4241066e-02
2.7735383e-03 5.4263788e-02
2.7273162e-03 5.4241066e-02
2.6810941e-03 5.4218345e-02
2.7273162e-03 5.4241066e-02
2.7735383e-03 5.4263788e-02
2.7827009e-03 5.4303662e-02
2.7918635e-03 5.4343537e-02
2.8126330e-03 5.4364532e-02
2.8334024e-03 5.4385528e-02
2.8126330e-03 5.4364532e-02
2.8334024e-03 5.4385528e-02
2.8463615e-03 5.4389468e-02
2.8334024e-03 5.4385528e-02
2.8463615e-03 5.4389468e-02
2.8593205e-03 5.4393408e-02
2.8920590e-03 5.4403457e-02
2.9248007e-03 5.4393408e-02
2.9247991e-03 5.4403457e-02
2.9247975e-03 5.4413505e-02
3.0128950e-03 5.4403457e-02
3.1009891e-03 5.4413505e-02
3.1140413e-03 5.4445627e-02
3.1009891e-03 5.4413505e-02
3.0128950e-03 5.4403457e-02
2.9248007e-03 5.4393408e-02
3.0128950e-03 5.4403457e-02
3.1009891e-03 5.4413505e-02
3.1140413e-03 5.4445627e-02
3.1270934e-03 5.4477749e-02
3.1140413e-03 5.4445627e-02
3.1009891e-03 5.4413505e-02
3.1140413e-03 5.4445627e-02
3.1009891e-03 5.4413505e-02
3.1140413e-03 5.4445627e-02
3.1009891e-03 5.4413505e-02
3.1140484e-03 5.4403457e-02
3.1271078e-03 5.4393408e-02
3.1140508e-03 5.4389468e-02
3.1009938e-03 5.4385528e-02
3.0129014e-03 5.4364532e-02
2.9248087e-03 5.4343537e-02
3.0129113e-03 5.4303662e-02
3.1010009e-03 5.4343537e-02
3.1140653e-03 5.4303662e-02
3.1271299e-03 5.4263788e-02
3.1140759e-03 5.4241066e-02
3.1010220e-03 5.4218345e-02
3.0129258e-03 5.4214979e-02
2.9248296e-03 5.4211613e-02
2.9248349e-03 5.4178634e-02
2.9248401e-03 5.4145656e-02
2.8921022e-03 5.4128418e-02
nan nan
nan nan
nan nan
nan nan
nan nan
nan nan
nan nan
nan nan
nan nan
nan nan
nan nan
nan nan1.9262470e-03 8.5025284e-02
-1.3309766e-03 8.4012771e-02
1.9262470e-03 8.5025284e-02
3.2495971e-03 8.4012771e-02
4.5731582e-03 8.3000086e-02
3.2501125e-03 8.2107824e-02
1.9268585e-03 8.1215431e-02
4.5538176e-04 6.7086938e-02
-0.0000000e+00 5.2931572e-02
4.8740365e-04 5.6771341e-02
-0.0000000e+00 6.0609435e-02
-5.0892551e-04 7.0919974e-02
-1.0170524e-03 8.1215431e-02
-5.0892551e-04 7.0919974e-02
-1.0176234e-03 7.3998197e-02
-5.0905282e-04 6.7306837e-02
-1.0183146e-03 6.4185734e-02
-5.0921513e-04 6.2397784e-02
-1.0185422e-03 6.0609435e-02
-1.5276048e-03 6.0440178e-02
-2.0366770e-03 6.0270918e-02
-2.7826800e-03 6.0440178e-02
-3.5286645e-03 6.0609435e-02
-3.6068303e-03 6.2397784e-02
-3.5286645e-03 6.0609435e-02
-3.6072645e-03 6.0440178e-02
-3.5286645e-03 6.0609435e-02
-3.6072645e-03 6.0440178e-02
-3.6858660e-03 6.0270918e-02
-3.6072645e-03 6.0440178e-02
-3.6858660e-03 6.0270918e-02
-4.1412053e-03 5.9614624e-02
-4.5965768e-03 5.8958278e-02
-4.7750095e-03 5.9614624e-02
-4.5965768e-03 5.8958278e-02
-4.7753424e-03 5.8434994e-02
-4.9541173e-03 5.7911679e-02
-4.9646209e-03 5.7605767e-02
-4.9751244e-03 5.7299845e-02
-5.3520864e-03 5.5888908e-02
-4.9759099e-03 5.4477749e-02
-5.3527277e-03 5.3704693e-02
-5.7295720e-03 5.2931572e-02
-5.3531358e-03 5.2267059e-02
-5.7299704e-03 5.1602500e-02
-5.3533537e-03 5.1483105e-02
-5.1640951e-03 5.1602500e-02
-5.4470667e-03 5.1483105e-02
-5.7300409e-03 5.1363709e-02
-5.4471915e-03 5.1036580e-02
-5.1643313e-03 5.0709440e-02
-5.4471915e-03 5.1036580e-02
-5.7302324e-03 5.0709440e-02
-5.8703014e-03 5.0499427e-02
-6.0103730e-03 5.0289409e-02
-6.3117945e-03 5.0015950e-02
-6.6132226e-03 4.9742483e-02
-6.3117945e-03 5.0015950e-02
-6.6130416e-03 5.0289409e-02
-6.5857256e-03 5.0499427e-02
-6.6130416e-03 5.0289409e-02
-6.7593704e-03 5.0499427e-02
-6.6130416e-03 5.0289409e-02
-6.5858858e-03 5.0015950e-02
-6.6132226e-03 4.9742483e-02
-6.7595348e-03 5.0015950e-02
-6.9058422e-03 5.0289409e-02
-6.7593704e-03 5.0499427e-02
-6.9056956e-03 5.0709440e-02
-7.4469042e-03 5.1036580e-02
-7.9883565e-03 5.0709440e-02
-8.1128076e-03 5.1036580e-02
-8.2372533e-03 5.1363709e-02
-8.1126217e-03 5.1483105e-02
-7.9879913e-03 5.1602500e-02
-8.1122915e-03 5.2267059e-02
-7.9874359e-03 5.2931572e-02
-8.1122915e-03 5.2267059e-02
-7.9874359e-03 5.2931572e-02
-7.4459147e-03 5.3574981e-02
-6.9044233e-03 5.4218345e-02
-7.4459147e-03 5.3574981e-02
-7.9868848e-03 5.4218345e-02
-7.4456038e-03 5.4348048e-02
-7.6297536e-03 5.4477749e-02
-7.2669621e-03 5.4675632e-02
-7.6295883e-03 5.4873510e-02
-7.2666512e-03 5.5452014e-02
-7.6290984e-03 5.6030481e-02
-7.8073540e-03 5.6572574e-02
-7.9855959e-03 5.7114633e-02
-8.1100961e-03 5.7207239e-02
-8.2345945e-03 5.7299845e-02
-8.5374248e-03 5.7605767e-02
-8.8402420e-03 5.7911679e-02
-8.9888305e-03 5.8434994e-02
-8.8397008e-03 5.8958278e-02
-8.9888305e-03 5.8434994e-02
-9.1374071e-03 5.8958278e-02
-8.9888305e-03 5.8434994e-02
-9.1374071e-03 5.8958278e-02
-8.9885137e-03 5.9034372e-02
-9.1373249e-03 5.9110466e-02
-9.5288279e-03 5.9240586e-02
-9.9203218e-03 5.9370703e-02
-9.9526126e-03 5.9240586e-02
-9.9849037e-03 5.9110466e-02
-1.0103930e-02 5.9240586e-02
-1.0223113e-02 5.9110466e-02
-1.0343243e-02 5.9034372e-02
-1.0223205e-02 5.8958278e-02
-1.0104378e-02 5.8488704e-02
-1.0223205e-02 5.8958278e-02
-1.0343575e-02 5.8488704e-02
-1.0223205e-02 5.8958278e-02
-1.0104378e-02 5.8488704e-02
-1.0223767e-02 5.8019104e-02
-1.0104378e-02 5.8488704e-02
-1.0223767e-02 5.8019104e-02
-1.0343890e-02 5.7965392e-02
-1.0223767e-02 5.8019104e-02
-1.0343890e-02 5.7965392e-02
-1.0223767e-02 5.8019104e-02
-1.0343575e-02 5.8488704e-02
-1.0223767e-02 5.8019104e-02
-1.0343575e-02 5.8488704e-02
-1.0223205e-02 5.8958278e-02
-1.0104054e-02 5.9034372e-02
-9.9849935e-03 5.8958278e-02
-9.9530536e-03 5.8488704e-02
-9.9211096e-03 5.8019104e-02
-9.5295408e-03 5.7965392e-02
-9.9211096e-03 5.8019104e-02
-9.9530536e-03 5.8488704e-02
-9.9211096e-03 5.8019104e-02
-9.5292501e-03 5.8488704e-02
-9.1379096e-03 5.8019104e-02
-8.9890765e-03 5.7965392e-02
-9.1379666e-03 5.7911679e-02
-8.9890765e-03 5.7965392e-02
-9.1379666e-03 5.7911679e-02
-8.9891662e-03 5.7793036e-02
-8.8403633e-03 5.7674391e-02
-8.5373324e-03 5.7793036e-02
-8.2343040e-03 5.7911679e-02
-8.5373324e-03 5.7793036e-02
-8.2344171e-03 5.7674391e-02
-8.1098226e-03 5.7793036e-02
-7.9852655e-03 5.7833785e-02
-7.9184641e-03 5.7754089e-02
-7.8516620e-03 5.7674391e-02
-7.7401070e-03 5.7487120e-02
-7.8518312e-03 5.7299845e-02
-7.7401070e-03 5.7487120e-02
-7.8516620e-03 5.7674391e-02
-7.9185860e-03 5.7487120e-02
-7.8518312e-03 5.7299845e-02
-7.7401070e-03 5.7487120e-02
-7.6283847e-03 5.7674391e-02
-7.4913185e-03 5.7754089e-02
-7.3542533e-03 5.7833785e-02
-7.2133960e-03 5.7754089e-02
-7.0724720e-03 5.7833785e-02
-7.0136433e-03 5.7872732e-02
-6.9548149e-03 5.7911679e-02
-6.9519386e-03 5.7965392e-02
-6.9491056e-03 5.7911679e-02
-6.9260646e-03 5.7872732e-02
-6.9030235e-03 5.7833785e-02
-6.9261121e-03 5.7754089e-02
-6.9030235e-03 5.7833785e-02
-6.7604611e-03 5.7872732e-02
-6.6178992e-03 5.7911679e-02
-6.6140853e-03 5.7965392e-02
-6.6103125e-03 5.7911679e-02
-6.5830925e-03 5.7872732e-02
-6.5558426e-03 5.7911679e-02
-6.5830925e-03 5.7872732e-02
-6.5558722e-03 5.7833785e-02
-6.5046732e-03 5.7754089e-02
-6.5559326e-03 5.7674391e-02
-6.5047734e-03 5.7487120e-02
-6.4535002e-03 5.7602988e-02
-6.2972637e-03 5.7451417e-02
-6.1410239e-03 5.7299845e-02
-6.0745666e-03 5.7293168e-02
-6.0081092e-03 5.7286492e-02
-6.0745697e-03 5.7284179e-02
-6.0081108e-03 5.7281866e-02
-6.0745997e-03 5.7198250e-02
-6.0081683e-03 5.7114633e-02
-6.0746734e-03 5.6985776e-02
-6.0082566e-03 5.6856918e-02
-6.0747834e-03 5.6667679e-02
-6.0082642e-03 5.6834843e-02
-5.8683634e-03 5.6656642e-02
-5.9064731e-03 5.6834843e-02
-5.9574290e-03 5.6656642e-02
-6.0083856e-03 5.6478436e-02
-5.9575644e-03 5.6254462e-02
-5.9067415e-03 5.6030481e-02
-5.9577116e-03 5.5813873e-02
-5.9068845e-03 5.5597259e-02
-5.8178302e-03 5.5545753e-02
-5.9069183e-03 5.5494247e-02
-5.8178696e-03 5.5423809e-02
-5.7288201e-03 5.5353371e-02
-5.8178696e-03 5.5423809e-02
-5.9069645e-03 5.5353371e-02
-5.8179669e-03 5.5121620e-02
-5.9071155e-03 5.4889863e-02
-5.9580193e-03 5.4881687e-02
-5.9071208e-03 5.4873510e-02
-5.9580262e-03 5.4860617e-02
-5.9071292e-03 5.4847724e-02
-5.9580669e-03 5.4736066e-02
-5.9072015e-03 5.4624407e-02
-5.8181416e-03 5.4574532e-02
-5.7290812e-03 5.4524657e-02
-5.8181416e-03 5.4574532e-02
-5.9072015e-03 5.4624407e-02
-5.8180902e-03 5.4736066e-02
-5.9071292e-03 5.4847724e-02
-5.9580262e-03 5.4860617e-02
-5.9071292e-03 5.4847724e-02
-5.8180902e-03 5.4736066e-02
-5.7290499e-03 5.4624407e-02
-5.7238016e-03 5.4574532e-02
-5.7185533e-03 5.4524657e-02
-5.4409309e-03 5.4501203e-02
-5.1633069e-03 5.4477749e-02
-5.0696212e-03 5.4431639e-02
-5.1633329e-03 5.4385528e-02
-5.0696507e-03 5.4324658e-02
-4.9759679e-03 5.4263788e-02
-4.9740522e-03 5.4324658e-02
-4.9759349e-03 5.4385528e-02
-5.0696212e-03 5.4431639e-02
-5.1633069e-03 5.4477749e-02
-5.2714082e-03 5.4431639e-02
-5.1633329e-03 5.4385528e-02
-5.2714389e-03 5.4324658e-02
-5.3795456e-03 5.4263788e-02
-5.2714629e-03 5.4241066e-02
-5.1633798e-03 5.4218345e-02
-5.0696809e-03 5.4214979e-02
-4.9759802e-03 5.4218345e-02
-5.0696738e-03 5.4241066e-02
-5.1633670e-03 5.4263788e-02
-5.2714389e-03 5.4324658e-02
-5.3795100e-03 5.4385528e-02
-5.2714389e-03 5.4324658e-02
-5.3795456e-03 5.4263788e-02
-5.2714629e-03 5.4241066e-02
-5.1633798e-03 5.4218345e-02
-5.2714703e-03 5.4214979e-02
-5.1633817e-03 5.4211613e-02
-5.2714703e-03 5.4214979e-02
-5.1633817e-03 5.4211613e-02
-5.0696989e-03 5.4149517e-02
-5.1634164e-03 5.4087421e-02
-5.2714891e-03 5.4149517e-02
-5.3795970e-03 5.4087421e-02
-5.2715321e-03 5.3998482e-02
-5.1634661e-03 5.3909542e-02
-5.2715812e-03 5.3825949e-02
-5.3796487e-03 5.3909542e-02
-5.2715812e-03 5.3825949e-02
-5.1634661e-03 5.3909542e-02
-5.2715321e-03 5.3998482e-02
-5.3795970e-03 5.4087421e-02
-5.2715321e-03 5.3998482e-02
-5.1634661e-03 5.3909542e-02
-5.0697876e-03 5.3825949e-02
-4.9761081e-03 5.3742355e-02
-5.0698247e-03 5.3690013e-02
-4.9761361e-03 5.3637670e-02
-4.9743308e-03 5.3284628e-02
-4.9725249e-03 5.2931572e-02
-4.9743308e-03 5.3284628e-02
-4.9725249e-03 5.2931572e-02
-4.9640080e-03 5.2922455e-02
-4.9554910e-03 5.2913338e-02
-4.9640080e-03 5.2922455e-02
-4.9725249e-03 5.2931572e-02
-4.9640080e-03 5.2922455e-02
-4.9725297e-03 5.2913338e-02
-4.9641531e-03 5.2367531e-02
-4.9557746e-03 5.1821693e-02
-4.7770977e-03 5.1772448e-02
-4.9557746e-03 5.1821693e-02
-4.7769933e-03 5.2192444e-02
-4.5982179e-03 5.2563181e-02
-4.7769933e-03 5.2192444e-02
-4.5983960e-03 5.1821693e-02
-4.7770977e-03 5.1772448e-02
-4.9557999e-03 5.1723202e-02
-4.9643352e-03 5.1662851e-02
-4.9558308e-03 5.1602500e-02
-4.7771248e-03 5.1662851e-02
-4.9557999e-03 5.1723202e-02
-4.9643352e-03 5.1662851e-02
-4.9728396e-03 5.1723202e-02
-4.9643071e-03 5.1772448e-02
-4.9557746e-03 5.1821693e-02
-4.7770977e-03 5.1772448e-02
-4.5984195e-03 5.1723202e-02
-4.3391464e-03 5.1772448e-02
-4.0798740e-03 5.1821693e-02
-3.8837429e-03 5.1827461e-02
-4.0798740e-03 5.1821693e-02
-3.8837429e-03 5.1827461e-02
-3.6876137e-03 5.1821693e-02
-3.6512715e-03 5.1827461e-02
-3.6149292e-03 5.1833229e-02
-3.6024715e-03 5.1827461e-02
-3.6024715e-03 5.1827461e-02
-3.6149314e-03 5.1821693e-02
-3.6024715e-03 5.1827461e-02
-3.6149314e-03 5.1821693e-02
-3.6024715e-03 5.1827461e-02
-3.5900137e-03 5.1821693e-02
-3.5602108e-03 5.1827461e-02
-3.5304099e-03 5.1821693e-02
1.9262470e-03 8.5025284e-02
-1.3309766e-03 8.4012771e-02
1.9262470e-03 8.5025284e-02
3.2495971e-03 8.4012771e-02
4.5731582e-03 8.3000086e-02
3.2501125e-03 8.2107824e-02
1.9268585e-03 8.1215431e-02
4.5538176e-04 6.7086938e-02
-0.0000000e+00 5.2931572e-02
4.8740365e-04 5.6771341e-02
-0.0000000e+00 6.0609435e-02
-5.0892551e-04 7.0919974e-02
-1.0170524e-03 8.1215431e-02
-5.0892551e-04 7.0919974e-02
-1.0176234e-03 7.3998197e-02
-5.0905282e-04 6.7306837e-02
-1.0183146e-03 6.4185734e-02
-5.0921513e-04 6.2397784e-02
-1.0185422e-03 6.0609435e-02
-1.5276048e-03 6.0440178e-02
-2.0366770e-03 6.0270918e-02
-2.7826800e-03 6.0440178e-02
-3.5286645e-03 6.0609435e-02
-3.6068303e-03 6.2397784e-02
-3.5286645e-03 6.0609435e-02
-3.6072645e-03 6.0440178e-02
-3.5286645e-03 6.0609435e-02
-3.6072645e-03 6.0440178e-02
-3.6858660e-03 6.0270918e-02
-3.6072645e-03 6.0440178e-02
-3.6858660e-03 6.0270918e-02
-4.1412053e-03 5.9614624e-02
-4.5965768e-03 5.8958278e-02
-4.7750095e-03 5.9614624e-02
-4.5965768e-03 5.8958278e-02
-4.7753424e-03 5.8434994e-02
-4.9541173e-03 5.7911679e-02
-4.9646209e-03 5.7605767e-02
-4.9751244e-03 5.7299845e-02
-5.3520864e-03 5.5888908e-02
-4.9759099e-03 5.4477749e-02
-5.3527277e-03 5.3704693e-02
-5.7295720e-03 5.2931572e-02
-5.3531358e-03 5.2267059e-02
-5.7299704e-03 5.1602500e-02
-5.3533537e-03 5.1483105e-02
-5.1640951e-03 5.1602500e-02
-5.4470667e-03 5.1483105e-02
-5.7300409e-03 5.1363709e-02
-5.4471915e-03 5.1036580e-02
-5.1643313e-03 5.0709440e-02
-5.4471915e-03 5.1036580e-02
-5.7302324e-03 5.0709440e-02
-5.8703014e-03 5.0499427e-02
-6.0103730e-03 5.0289409e-02
-6.3117945e-03 5.0015950e-02
-6.6132226e-03 4.9742483e-02
-6.3117945e-03 5.0015950e-02
-6.6130416e-03 5.0289409e-02
-6.5857256e-03 5.0499427e-02
-6.6130416e-03 5.0289409e-02
-6.7593704e-03 5.0499427e-02
-6.6130416e-03 5.0289409e-02
-6.5858858e-03 5.0015950e-02
-6.6132226e-03 4.9742483e-02
-6.7595348e-03 5.0015950e-02
-6.9058422e-03 5.0289409e-02
-6.7593704e-03 5.0499427e-02
-6.9056956e-03 5.0709440e-02
-7.4469042e-03 5.1036580e-02
-7.9883565e-03 5.0709440e-02
-8.1128076e-03 5.1036580e-02
-8.2372533e-03 5.1363709e-02
-8.1126217e-03 5.1483105e-02
-7.9879913e-03 5.1602500e-02
-8.1122915e-03 5.2267059e-02
-7.9874359e-03 5.2931572e-02
-8.1122915e-03 5.2267059e-02
-7.9874359e-03 5.2931572e-02
-7.4459147e-03 5.3574981e-02
-6.9044233e-03 5.4218345e-02
-7.4459147e-03 5.3574981e-02
-7.9868848e-03 5.4218345e-02
-7.4456038e-03 5.4348048e-02
-7.6297536e-03 5.4477749e-02
-7.2669621e-03 5.4675632e-02
-7.6295883e-03 5.4873510e-02
-7.2666512e-03 5.5452014e-02
-7.6290984e-03 5.6030481e-02
-7.8073540e-03 5.6572574e-02
-7.9855959e-03 5.7114633e-02
-8.1100961e-03 5.7207239e-02
-8.2345945e-03 5.7299845e-02
-8.5374248e-03 5.7605767e-02
-8.8402420e-03 5.7911679e-02
-8.9888305e-03 5.8434994e-02
-8.8397008e-03 5.8958278e-02
-8.9888305e-03 5.8434994e-02
-9.1374071e-03 5.8958278e-02
-8.9888305e-03 5.8434994e-02
-9.1374071e-03 5.8958278e-02
-8.9885137e-03 5.9034372e-02
-9.1373249e-03 5.9110466e-02
-9.5288279e-03 5.9240586e-02
-9.9203218e-03 5.9370703e-02
-9.9526126e-03 5.9240586e-02
-9.9849037e-03 5.9110466e-02
-1.0103930e-02 5.9240586e-02
-1.0223113e-02 5.9110466e-02
-1.0343243e-02 5.9034372e-02
-1.0223205e-02 5.8958278e-02
-1.0104378e-02 5.8488704e-02
-1.0223205e-02 5.8958278e-02
-1.0343575e-02 5.8488704e-02
-1.0223205e-02 5.8958278e-02
-1.0104378e-02 5.8488704e-02
-1.0223767e-02 5.8019104e-02
-1.0104378e-02 5.8488704e-02
-1.0223767e-02 5.8019104e-02
-1.0343890e-02 5.7965392e-02
-1.0223767e-02 5.8019104e-02
-1.0343890e-02 5.7965392e-02
-1.0223767e-02 5.8019104e-02
-1.0343575e-02 5.8488704e-02
-1.0223767e-02 5.8019104e-02
-1.0343575e-02 5.8488704e-02
-1.0223205e-02 5.8958278e-02
-1.0104054e-02 5.9034372e-02
-9.9849935e-03 5.8958278e-02
-9.9530536e-03 5.8488704e-02
-9.9211096e-03 5.8019104e-02
-9.5295408e-03 5.7965392e-02
-9.9211096e-03 5.8019104e-02
-9.9530536e-03 5.8488704e-02
-9.9211096e-03 5.8019104e-02
-9.5292501e-03 5.8488704e-02
-9.1379096e-03 5.8019104e-02
-8.9890765e-03 5.7965392e-02
-9.1379666e-03 5.7911679e-02
-8.9890765e-03 5.7965392e-02
-9.1379666e-03 5.7911679e-02
-8.9891662e-03 5.7793036e-02
-8.8403633e-03 5.7674391e-02
-8.5373324e-03 5.7793036e-02
-8.2343040e-03 5.7911679e-02
-8.5373324e-03 5.7793036e-02
-8.2344171e-03 5.7674391e-02
-8.1098226e-03 5.7793036e-02
-7.9852655e-03 5.7833785e-02
-7.9184641e-03 5.7754089e-02
-7.8516620e-03 5.7674391e-02
-7.7401070e-03 5.7487120e-02
-7.8518312e-03 5.7299845e-02
-7.7401070e-03 5.7487120e-02
-7.8516620e-03 5.7674391e-02
-7.9185860e-03 5.7487120e-02
-7.8518312e-03 5.7299845e-02
-7.7401070e-03 5.7487120e-02
-7.6283847e-03 5.7674391e-02
-7.4913185e-03 5.7754089e-02
-7.3542533e-03 5.7833785e-02
-7.2133960e-03 5.7754089e-02
-7.0724720e-03 5.7833785e-02
-7.0136433e-03 5.7872732e-02
-6.9548149e-03 5.7911679e-02
-6.9519386e-03 5.7965392e-02
-6.9491056e-03 5.7911679e-02
-6.9260646e-03 5.7872732e-02
-6.9030235e-03 5.7833785e-02
-6.9261121e-03 5.7754089e-02
-6.9030235e-03 5.7833785e-02
-6.7604611e-03 5.7872732e-02
-6.6178992e-03 5.7911679e-02
-6.6140853e-03 5.7965392e-02
-6.6103125e-03 5.7911679e-02
-6.5830925e-03 5.7872732e-02
-6.5558426e-03 5.7911679e-02
-6.5830925e-03 5.7872732e-02
-6.5558722e-03 5.7833785e-02
-6.5046732e-03 5.7754089e-02
-6.5559326e-03 5.7674391e-02
-6.5047734e-03 5.7487120e-02
-6.4535002e-03 5.7602988e-02
-6.2972637e-03 5.7451417e-02
-6.1410239e-03 5.7299845e-02
-6.0745666e-03 5.7293168e-02
-6.0081092e-03 5.7286492e-02
-6.0745697e-03 5.7284179e-02
-6.0081108e-03 5.7281866e-02
-6.0745997e-03 5.7198250e-02
-6.0081683e-03 5.7114633e-02
-6.0746734e-03 5.6985776e-02
-6.0082566e-03 5.6856918e-02
-6.0747834e-03 5.6667679e-02
-6.0082642e-03 5.6834843e-02
-5.8683634e-03 5.6656642e-02
-5.9064731e-03 5.6834843e-02
-5.9574290e-03 5.6656642e-02
-6.0083856e-03 5.6478436e-02
-5.9575644e-03 5.6254462e-02
-5.9067415e-03 5.6030481e-02
-5.9577116e-03 5.5813873e-02
-5.9068845e-03 5.5597259e-02
-5.8178302e-03 5.5545753e-02
-5.9069183e-03 5.5494247e-02
-5.8178696e-03 5.5423809e-02
-5.7288201e-03 5.5353371e-02
-5.8178696e-03 5.5423809e-02
-5.9069645e-03 5.5353371e-02
-5.8179669e-03 5.5121620e-02
-5.9071155e-03 5.4889863e-02
-5.9580193e-03 5.4881687e-02
-5.9071208e-03 5.4873510e-02
-5.9580262e-03 5.4860617e-02
-5.9071292e-03 5.4847724e-02
-5.9580669e-03 5.4736066e-02
-5.9072015e-03 5.4624407e-02
-5.8181416e-03 5.4574532e-02
-5.7290812e-03 5.4524657e-02
-5.8181416e-03 5.4574532e-02
-5.9072015e-03 5.4624407e-02
-5.8180902e-03 5.4736066e-02
-5.9071292e-03 5.4847724e-02
-5.9580262e-03 5.4860617e-02
-5.9071292e-03 5.4847724e-02
-5.8180902e-03 5.4736066e-02
-5.7290499e-03 5.4624407e-02
-5.7238016e-03 5.4574532e-02
-5.7185533e-03 5.4524657e-02
-5.4409309e-03 5.4501203e-02
-5.1633069e-03 5.4477749e-02
-5.0696212e-03 5.4431639e-02
-5.1633329e-03 5.4385528e-02
-5.0696507e-03 5.4324658e-02
-4.9759679e-03 5.4263788e-02
-4.9740522e-03 5.4324658e-02
-4.9759349e-03 5.4385528e-02
-5.0696212e-03 5.4431639e-02
-5.1633069e-03 5.4477749e-02
-5.2714082e-03 5.4431639e-02
-5.1633329e-03 5.4385528e-02
-5.2714389e-03 5.4324658e-02
-5.3795456e-03 5.4263788e-02
-5.2714629e-03 5.4241066e-02
-5.1633798e-03 5.4218345e-02
-5.0696809e-03 5.4214979e-02
-4.9759802e-03 5.4218345e-02
-5.0696738e-03 5.4241066e-02
-5.1633670e-03 5.4263788e-02
-5.2714389e-03 5.4324658e-02
-5.3795100e-03 5.4385528e-02
-5.2714389e-03 5.4324658e-02
-5.3795456e-03 5.4263788e-02
-5.2714629e-03 5.4241066e-02
-5.1633798e-03 5.4218345e-02
-5.2714703e-03 5.4214979e-02
-5.1633817e-03 5.4211613e-02
-5.2714703e-03 5.4214979e-02
-5.1633817e-03 5.4211613e-02
-5.0696989e-03 5.4149517e-02
-5.1634164e-03 5.4087421e-02
-5.2714891e-03 5.4149517e-02
-5.3795970e-03 5.4087421e-02
-5.2715321e-03 5.3998482e-02
-5.1634661e-03 5.3909542e-02
-5.2715812e-03 5.3825949e-02
-5.3796487e-03 5.3909542e-02
-5.2715812e-03 5.3825949e-02
-5.1634661e-03 5.3909542e-02
-5.2715321e-03 5.3998482e-02
-5.3795970e-03 5.4087421e-02
-5.2715321e-03 5.3998482e-02
-5.1634661e-03 5.3909542e-02
-5.0697876e-03 5.3825949e-02
-4.9761081e-03 5.3742355e-02
-5.0698247e-03 5.3690013e-02
-4.9761361e-03 5.3637670e-02
-4.9743308e-03 5.3284628e-02
-4.9725249e-03 5.2931572e-02
-4.9743308e-03 5.3284628e-02
-4.9725249e-03 5.2931572e-02
-4.9640080e-03 5.2922455e-02
-4.9554910e-03 5.2913338e-02
-4.9640080e-03 5.2922455e-02
-4.9725249e-03 5.2931572e-02
-4.9640080e-03 5.2922455e-02
-4.9725297e-03 5.2913338e-02
-4.9641531e-03 5.2367531e-02
-4.9557746e-03 5.1821693e-02
-4.7770977e-03 5.1772448e-02
-4.9557746e-03 5.1821693e-02
-4.7769933e-03 5.2192444e-02
-4.5982179e-03 5.2563181e-02
-4.7769933e-03 5.2192444e-02
-4.5983960e-03 5.1821693e-02
-4.7770977e-03 5.1772448e-02
-4.9557999e-03 5.1723202e-02
-4.9643352e-03 5.1662851e-02
-4.9558308e-03 5.1602500e-02
-4.7771248e-03 5.1662851e-02
-4.9557999e-03 5.1723202e-02
-4.9643352e-03 5.1662851e-02
-4.9728396e-03 5.1723202e-02
-4.9643071e-03 5.1772448e-02
-4.9557746e-03 5.1821693e-02
-4.7770977e-03 5.1772448e-02
-4.5984195e-03 5.1723202e-02
-4.3391464e-03 5.1772448e-02
-4.0798740e-03 5.1821693e-02
-3.8837429e-03 5.1827461e-02
-4.0798740e-03 5.1821693e-02
-3.8837429e-03 5.1827461e-02
-3.6876137e-03 5.1821693e-02
-3.6512715e-03 5.1827461e-02
-3.6149292e-03 5.1833229e-02
-3.6024715e-03 5.1827461e-02
-3.6024715e-03 5.1827461e-02
-3.6149314e-03 5.1821693e-02
-3.6024715e-03 5.1827461e-02
-3.6149314e-03 5.1821693e-02
-3.6024715e-03 5.1827461e-02
-3.5900137e-03 5.1821693e-02
-3.5602108e-03 5.1827461e-02
-3.5304099e-03 5.1821693e-02
-3.3903240e-03 5.1772448e-02
-3.2502373e-03 5.1723202e-02
-3.1816647e-03 5.1662851e-02
-3.2502576e-03 5.1602500e-02
-3.1816942e-03 5.1483105e-02
-3.1131300e-03 5.1363709e-02
-3.1817350e-03 5.1234013e-02
-3.2503408e-03 5.1104316e-02
-3.1817666e-03 5.1040077e-02
-3.2503621e-03 5.0975839e-02
-3.3904838e-03 5.0854896e-02
-3.5306070e-03 5.0733951e-02
-3.3905068e-03 5.0721696e-02
-3.2504062e-03 5.0709440e-02
-3.1818475e-03 5.0539445e-02
-3.1132875e-03 5.0369448e-02
-3.0454785e-03 5.0329428e-02
-3.1132875e-03 5.0369448e-02
-3.1818475e-03 5.0539445e-02
-3.2504062e-03 5.0709440e-02
-3.2504062e-03 5.0709440e-02
-3.3905068e-03 5.0721696e-02
-3.2504062e-03 5.0709440e-02
-3.3905381e-03 5.0539445e-02
-3.5306721e-03 5.0369448e-02
-3.5604834e-03 5.0329428e-02
-3.5306864e-03 5.0289409e-02
-3.3905740e-03 5.0329428e-02
-3.2504752e-03 5.0289409e-02
-3.3905895e-03 5.0238500e-02
-3.5307044e-03 5.0187590e-02
-3.3905982e-03 5.0187500e-02
-3.5307045e-03 5.0187410e-02
-3.5605130e-03 5.0164249e-02
-3.5903216e-03 5.0141088e-02
-3.6028175e-03 4.9941787e-02
-3.6153134e-03 4.9742483e-02
-3.6028175e-03 4.9941787e-02
-3.5903931e-03 4.9742483e-02
-3.6028939e-03 4.9515493e-02
-3.5904739e-03 4.9288497e-02
-3.5606282e-03 4.9515493e-02
-3.5308625e-03 4.9288497e-02
-3.5282788e-03 4.9271097e-02
-3.5256951e-03 4.9253696e-02
-3.3881696e-03 4.9250796e-02
-3.2506438e-03 4.9247896e-02
-3.2060784e-03 4.9250796e-02
-3.1615130e-03 4.9253696e-02
-3.1374842e-03 4.9271097e-02
-3.1615130e-03 4.9253696e-02
-3.2060752e-03 4.9271097e-02
-3.2506429e-03 4.9253696e-02
-3.3881696e-03 4.9250796e-02
-3.5256951e-03 4.9253696e-02
-3.5282823e-03 4.9250796e-02
-3.5308685e-03 4.9253696e-02
-3.5606712e-03 4.9271097e-02
-3.5904739e-03 4.9288497e-02
-3.6029374e-03 4.9271097e-02
-3.6154010e-03 4.9253696e-02
-3.6517437e-03 4.9271097e-02
-3.6880864e-03 4.9288497e-02
-3.6517437e-03 4.9271097e-02
-3.6880864e-03 4.9288497e-02
-3.8841983e-03 4.9515493e-02
-4.0803052e-03 4.9742483e-02
-3.8841983e-03 4.9515493e-02
-3.6880864e-03 4.9288497e-02
-3.6516996e-03 4.9515493e-02
-3.6880034e-03 4.9742483e-02
-3.8841158e-03 4.9941787e-02
-4.0802239e-03 5.0141088e-02
-3.8841158e-03 4.9941787e-02
-3.6879299e-03 5.0141088e-02
-3.8840726e-03 5.0164249e-02
-3.6879299e-03 5.0141088e-02
-3.6516221e-03 4.9941787e-02
-3.6880034e-03 4.9742483e-02
-3.8841983e-03 4.9515493e-02
-3.6880864e-03 4.9288497e-02
-3.8842452e-03 4.9271097e-02
-3.6880927e-03 4.9253696e-02
-3.8842491e-03 4.9250796e-02
-4.0804052e-03 4.9247896e-02
-3.8842575e-03 4.9206791e-02
-3.6881087e-03 4.9165686e-02
-3.8842686e-03 4.9148761e-02
-3.6881148e-03 4.9131835e-02
-3.6518174e-03 4.8859972e-02
-3.6882129e-03 4.8588102e-02
-3.6518804e-03 4.8506339e-02
-3.6882422e-03 4.8424575e-02
-3.6519271e-03 4.8241817e-02
-3.6883073e-03 4.8059056e-02
-3.8844905e-03 4.7973432e-02
-3.6883376e-03 4.7887807e-02
-3.6519968e-03 4.7844935e-02
-3.6156410e-03 4.7887807e-02
-3.6519743e-03 4.7973432e-02
-3.6156410e-03 4.7887807e-02
-3.6031871e-03 4.7844935e-02
-3.5907332e-03 4.7802062e-02
-3.5609180e-03 4.7844935e-02
-3.5907185e-03 4.7887807e-02
-3.5608961e-03 4.7973432e-02
-3.5906889e-03 4.8059056e-02
-3.5608501e-03 4.8241817e-02
-3.5906256e-03 4.8424575e-02
-3.6030722e-03 4.8506339e-02
-3.5905971e-03 4.8588102e-02
-3.5607431e-03 4.8859972e-02
-3.5905971e-03 4.8588102e-02
-3.6030722e-03 4.8506339e-02
-3.6155188e-03 4.8588102e-02
-3.6518804e-03 4.8506339e-02
-3.6882129e-03 4.8588102e-02
-3.8843236e-03 4.8859972e-02
-4.0805370e-03 4.8588102e-02
-4.1829055e-03 4.8506339e-02
-4.2852407e-03 4.8588102e-02
-4.1829055e-03 4.8506339e-02
-4.2852407e-03 4.8588102e-02
-4.3611771e-03 4.8506339e-02
-4.2852747e-03 4.8424575e-02
-4.3612329e-03 4.8241817e-02
-4.4371923e-03 4.8059056e-02
-4.5154562e-03 4.7973432e-02
-4.4371923e-03 4.8059056e-02
-4.3612329e-03 4.8241817e-02
-4.4371923e-03 4.8059056e-02
-4.5153979e-03 4.8241817e-02
-4.5936019e-03 4.8424575e-02
-4.5153400e-03 4.8506339e-02
-4.4370787e-03 4.8588102e-02
-4.5152622e-03 4.8859972e-02
-4.5934433e-03 4.9131835e-02
-4.5151983e-03 4.9148761e-02
-4.5934356e-03 4.9165686e-02
-4.5962152e-03 4.9206791e-02
-4.5989947e-03 4.9247896e-02
-4.7777067e-03 4.9250796e-02
-4.5989934e-03 4.9253696e-02
-4.5962052e-03 4.9250796e-02
-4.5934157e-03 4.9253696e-02
-4.5151756e-03 4.9250796e-02
-4.4369354e-03 4.9247896e-02
-4.3610183e-03 4.9250796e-02
-4.4369342e-03 4.9253696e-02
-4.5151756e-03 4.9250796e-02
-4.4369342e-03 4.9253696e-02
-4.4369342e-03 4.9253696e-02
-4.5151756e-03 4.9250796e-02
-4.5934170e-03 4.9247896e-02
-4.5934170e-03 4.9247896e-02
-4.5151756e-03 4.9250796e-02
-4.5934157e-03 4.9253696e-02
-4.5962052e-03 4.9250796e-02
-4.5989947e-03 4.9247896e-02
-4.7777170e-03 4.9206791e-02
-4.9564398e-03 4.9165686e-02
-4.9649649e-03 4.9148761e-02
-4.9649649e-03 4.9148761e-02
-4.9564481e-03 4.9131835e-02
-4.9564481e-03 4.9131835e-02
-4.9650352e-03 4.8859972e-02
-4.9650352e-03 4.8859972e-02
-4.9565798e-03 4.8588102e-02
-4.9651208e-03 4.8506339e-02
-4.9566192e-03 4.8424575e-02
-4.9566192e-03 4.8424575e-02
-4.9651843e-03 4.8241817e-02
-4.9737495e-03 4.8059056e-02
-4.9745522e-03 4.7973432e-02
-4.9753549e-03 4.7887807e-02
-4.9764827e-03 4.7844935e-02
-4.9764827e-03 4.7844935e-02
-4.9776104e-03 4.7802062e-02
-5.0011560e-03 4.7783950e-02
-5.0247016e-03 4.7765838e-02
-5.0544449e-03 4.7652973e-02
-5.0841884e-03 4.7540107e-02
-5.1246638e-03 4.7533492e-02
-5.1651393e-03 4.7526877e-02
-5.1655323e-03 4.7432496e-02
-5.1659253e-03 4.7338114e-02
-5.1736869e-03 4.7304832e-02
-5.1814486e-03 4.7271549e-02
-5.2814580e-03 4.7251153e-02
-5.3814675e-03 4.7230756e-02
-5.2814580e-03 4.7251153e-02
-5.3814675e-03 4.7230756e-02
-5.4598525e-03 4.7170140e-02
-5.3814675e-03 4.7230756e-02
-5.2814580e-03 4.7251153e-02
-5.1814486e-03 4.7271549e-02
-5.2814580e-03 4.7251153e-02
-5.3814675e-03 4.7230756e-02
-5.4598316e-03 4.7251153e-02
-5.5382061e-03 4.7230756e-02
-5.6294581e-03 4.7170140e-02
-5.6294581e-03 4.7170140e-02
-5.6294581e-03 4.7170140e-02
-5.7207104e-03 4.7109524e-02
-5.6294581e-03 4.7170140e-02
-5.7207104e-03 4.7109524e-02
-5.7260230e-03 4.6936005e-02
-5.7260230e-03 4.6936005e-02
-5.7313356e-03 4.6762484e-02
-5.8173898e-03 4.6762241e-02
-5.9034440e-03 4.6761998e-02
-5.9034440e-03 4.6761998e-02
-5.9065213e-03 4.6689163e-02
-5.9065213e-03 4.6689163e-02
-5.9065213e-03 4.6689163e-02
-5.9095986e-03 4.6616328e-02
-5.9605008e-03 4.6689163e-02
-6.0114435e-03 4.6616328e-02
-6.0361812e-03 4.6478061e-02
-6.0609190e-03 4.6339793e-02
-6.0609190e-03 4.6339793e-02
-6.0890773e-03 4.6325807e-02
-6.0890773e-03 4.6325807e-02
-6.0890773e-03 4.6325807e-02
-6.1172357e-03 4.6311821e-02
-6.1309517e-03 4.6057930e-02
-6.1446676e-03 4.5804032e-02
-6.1462396e-03 4.6057930e-02
-6.1446676e-03 4.5804032e-02
-6.1463705e-03 4.5593626e-02
-6.1446676e-03 4.5804032e-02
-6.1463705e-03 4.5593626e-02
-6.1480732e-03 4.5383215e-02
-6.3027593e-03 4.5593626e-02
-6.1480732e-03 4.5383215e-02
-6.3027593e-03 4.5593626e-02
-6.4575658e-03 4.5383215e-02
-6.4632238e-03 4.5375208e-02
-6.4632238e-03 4.5375208e-02
-6.4575705e-03 4.5367201e-02
-6.4632238e-03 4.5375208e-02
-6.4688771e-03 4.5383215e-02
-6.5144858e-03 4.5375208e-02
-6.5600945e-03 4.5367201e-02
-6.5873448e-03 4.5375208e-02
-6.6145998e-03 4.5367201e-02
-6.6184255e-03 4.5267371e-02
-6.6222512e-03 4.5167539e-02
-6.7648611e-03 4.5267371e-02
-6.7648611e-03 4.5267371e-02
-6.9074694e-03 4.5367201e-02
-6.7648611e-03 4.5267371e-02
-6.9074694e-03 4.5367201e-02
-6.9305384e-03 4.5375208e-02
-6.9536125e-03 4.5367201e-02
-6.9564665e-03 4.5375208e-02
-6.9593205e-03 4.5383215e-02
-7.0181040e-03 4.5593626e-02
-6.9593205e-03 4.5383215e-02
-7.0181040e-03 4.5593626e-02
-6.9593205e-03 4.5383215e-02
-7.0181040e-03 4.5593626e-02
-7.0768860e-03 4.5804032e-02
-7.1014967e-03 4.6057930e-02
-7.0768860e-03 4.5804032e-02
-7.1014967e-03 4.6057930e-02
-7.1261064e-03 4.6311821e-02
-7.1014967e-03 4.6057930e-02
-7.1261064e-03 4.6311821e-02
-7.1014967e-03 4.6057930e-02
-7.1261064e-03 4.6311821e-02
-7.2423841e-03 4.6325807e-02
-7.3586709e-03 4.6311821e-02
-7.4343861e-03 4.6057930e-02
-7.5101026e-03 4.5804032e-02
-7.5281411e-03 4.5593626e-02
-7.5461796e-03 4.5383215e-02
-7.5601512e-03 4.5375208e-02
-7.5741228e-03 4.5367201e-02
-7.5601512e-03 4.5375208e-02
-7.5741228e-03 4.5367201e-02
-7.6037095e-03 4.5267371e-02
-7.6332964e-03 4.5167539e-02
-7.6038362e-03 4.4897806e-02
-7.5743748e-03 4.4628065e-02
-7.6038362e-03 4.4897806e-02
-7.6332964e-03 4.5167539e-02
-7.7449720e-03 4.5267371e-02
-7.8567174e-03 4.5167539e-02
-7.9235633e-03 4.5267371e-02
-7.9904806e-03 4.5167539e-02
-8.0918624e-03 4.4897806e-02
-8.1932458e-03 4.4628065e-02
-8.0919631e-03 4.4619972e-02
-8.1932517e-03 4.4611878e-02
-8.2165927e-03 4.4599614e-02
-8.2399336e-03 4.4587351e-02
-8.2165927e-03 4.4599614e-02
-8.1932607e-03 4.4587351e-02
-8.0920223e-03 4.4455770e-02
-8.1933566e-03 4.4324187e-02
-8.0920223e-03 4.4455770e-02
-8.1933566e-03 4.4324187e-02
-8.2166964e-03 4.4315802e-02
-8.2400301e-03 4.4324187e-02
-8.5092496e-03 4.4455770e-02
-8.7785673e-03 4.4324187e-02
-8.7926381e-03 4.4315802e-02
-8.7785673e-03 4.4324187e-02
-8.5092496e-03 4.4455770e-02
-8.2400301e-03 4.4324187e-02
-8.5093025e-03 4.4315802e-02
-8.7785673e-03 4.4324187e-02
-8.5092496e-03 4.4455770e-02
-8.7784645e-03 4.4587351e-02
-8.7925834e-03 4.4455770e-02
-8.7784645e-03 4.4587351e-02
-8.7925834e-03 4.4455770e-02
-8.7784645e-03 4.4587351e-02
-8.7925271e-03 4.4599614e-02
-8.8065992e-03 4.4587351e-02
-8.7925271e-03 4.4599614e-02
-8.7784549e-03 4.4611878e-02
-8.5091873e-03 4.4619972e-02
-8.2399186e-03 4.4628065e-02
-8.2164830e-03 4.4897806e-02
-8.2399186e-03 4.4628065e-02
-8.2164830e-03 4.4897806e-02
-8.2399186e-03 4.4628065e-02
-8.2164830e-03 4.4897806e-02
-8.2399186e-03 4.4628065e-02
-8.5091873e-03 4.4619972e-02
-8.7784486e-03 4.4628065e-02
-8.5090814e-03 4.4897806e-02
-8.2397189e-03 4.5167539e-02
-8.3489276e-03 4.5267371e-02
-8.2396444e-03 4.5367201e-02
-8.2163058e-03 4.5375208e-02
-8.2396444e-03 4.5367201e-02
-8.3489276e-03 4.5267371e-02
-8.2396444e-03 4.5367201e-02
-8.2163058e-03 4.5375208e-02
-8.2396384e-03 4.5383215e-02
-8.2162241e-03 4.5593626e-02
-8.1928099e-03 4.5804032e-02
-8.0914352e-03 4.6057930e-02
-7.9900622e-03 4.6311821e-02
-8.0913350e-03 4.6325807e-02
-7.9900518e-03 4.6339793e-02
-8.0913350e-03 4.6325807e-02
-7.9900518e-03 4.6339793e-02
-7.9231229e-03 4.6478061e-02
-7.8561947e-03 4.6616328e-02
-7.7444654e-03 4.6689163e-02
-7.6327366e-03 4.6761998e-02
-7.6031861e-03 4.6762241e-02
-7.5736356e-03 4.6762484e-02
-7.6031242e-03 4.6936005e-02
-7.6326120e-03 4.7109524e-02
-7.6030581e-03 4.7120744e-02
-7.5735042e-03 4.7131965e-02
-7.5595244e-03 4.7165696e-02
-7.5455447e-03 4.7199427e-02
-7.5275743e-03 4.7215092e-02
-7.5455336e-03 4.7230756e-02
-7.5275614e-03 4.7251153e-02
-7.5455190e-03 4.7271549e-02
-7.5594939e-03 4.7251153e-02
-7.5455190e-03 4.7271549e-02
-7.5275423e-03 4.7304832e-02
-7.5095657e-03 4.7338114e-02
-7.5275254e-03 4.7352205e-02
-7.5095556e-03 4.7366296e-02
-7.5274917e-03 4.7446587e-02
-7.5094984e-03 4.7526877e-02
-7.5274606e-03 4.7533492e-02
-7.5454229e-03 4.7540107e-02
-7.5593497e-03 4.7652973e-02
-7.5732762e-03 4.7765838e-02
-7.5593024e-03 4.7783950e-02
-7.5453286e-03 4.7802062e-02
-7.5273488e-03 4.7844935e-02
-7.5093690e-03 4.7887807e-02
-7.4337161e-03 4.7973432e-02
-7.3580638e-03 4.8059056e-02
-7.3361010e-03 4.8241817e-02
-7.3142674e-03 4.8059056e-02
-7.2198294e-03 4.8241817e-02
-7.1253928e-03 4.8424575e-02
-7.1006984e-03 4.8435743e-02
-7.0760040e-03 4.8446910e-02
-7.0171378e-03 4.8517506e-02
-7.0759555e-03 4.8588102e-02
-7.0170293e-03 4.8834768e-02
-6.9581041e-03 4.9081429e-02
-6.9552395e-03 4.9106632e-02
-6.9523749e-03 4.9131835e-02
-6.9293016e-03 4.9148761e-02
-6.9062284e-03 4.9165686e-02
-6.8368106e-03 4.9206791e-02
-6.7673930e-03 4.9247896e-02
-6.8367958e-03 4.9250796e-02
-6.7673911e-03 4.9253696e-02
-6.7023202e-03 4.9257455e-02
-6.6372494e-03 4.9261213e-02
-6.7023145e-03 4.9274855e-02
-6.6372405e-03 4.9288497e-02
-6.6290811e-03 4.9349399e-02
-6.6209217e-03 4.9410300e-02
-6.6171267e-03 4.9410300e-02
-6.6133316e-03 4.9410300e-02
-6.5860301e-03 4.9576393e-02
-6.5587288e-03 4.9742483e-02
-6.5130671e-03 4.9941787e-02
-6.4674062e-03 5.0141088e-02
-6.4617443e-03 5.0164249e-02
-6.4560824e-03 5.0187410e-02
-6.3013718e-03 5.0187500e-02
-6.1466608e-03 5.0187590e-02
-6.1450017e-03 5.0238500e-02
-6.1466294e-03 5.0289409e-02
-6.1449736e-03 5.0329428e-02
-6.1433177e-03 5.0369448e-02
-6.1296552e-03 5.0437954e-02
-6.1159927e-03 5.0506461e-02
-6.0878440e-03 5.0506461e-02
-6.0596953e-03 5.0506461e-02
-6.0349703e-03 5.0607951e-02
-6.0102454e-03 5.0709440e-02
-5.9593293e-03 5.0721696e-02
-5.9084134e-03 5.0733951e-02
-5.9053205e-03 5.0854896e-02
-5.9022275e-03 5.0975839e-02
-5.8763973e-03 5.1040077e-02
-5.8505673e-03 5.1104316e-02
-5.7903406e-03 5.1109851e-02
-5.7301139e-03 5.1115387e-02
-5.7248128e-03 5.1238653e-02
-5.7195118e-03 5.1361917e-02
-5.6282944e-03 5.1362813e-02
-5.5370770e-03 5.1363709e-02
-5.4586986e-03 5.1452940e-02
-5.3803209e-03 5.1542171e-02
-5.2803295e-03 5.1572336e-02
-5.3803041e-03 5.1602500e-02
-5.2803049e-03 5.1662851e-02
-5.1803061e-03 5.1723202e-02
-5.1725411e-03 5.1772448e-02
-5.1647761e-03 5.1821693e-02
-5.1644048e-03 5.1827461e-02
-5.1640335e-03 5.1833229e-02
-5.1235698e-03 5.1827461e-02
-5.0831031e-03 5.1833229e-02
-5.1235024e-03 5.2080607e-02
-5.1639003e-03 5.2327979e-02
-5.1642411e-03 5.2434922e-02
-5.1639003e-03 5.2327979e-02
-5.1235024e-03 5.2080607e-02
-5.1639003e-03 5.2327979e-02
-5.1235024e-03 5.2080607e-02
-5.0831031e-03 5.1833229e-02
-5.0533947e-03 5.1827461e-02
-5.0236861e-03 5.1821693e-02
-5.0001624e-03 5.1772448e-02
-4.9766131e-03 5.1821693e-02
-4.9754943e-03 5.1827461e-02
-4.9743755e-03 5.1833229e-02
-4.9735948e-03 5.1827461e-02
-4.9728142e-03 5.1821693e-02
-4.9643071e-03 5.1772448e-02
-4.9557999e-03 5.1723202e-02
-4.7936735e-03 5.1772448e-02
-4.6315477e-03 5.1821693e-02
-4.6221709e-03 5.1827461e-02
-4.6127940e-03 5.1833229e-02
-4.6055344e-03 5.2080607e-02
-4.5983933e-03 5.1833229e-02
-4.5956062e-03 5.1827461e-02
-4.5983933e-03 5.1833229e-02
-4.5955457e-03 5.2080607e-02
-4.5926979e-03 5.2327979e-02
-4.5144555e-03 5.2386751e-02
-4.4362135e-03 5.2445523e-02
-4.3602983e-03 5.2493693e-02
-4.4362135e-03 5.2445523e-02
-4.5144302e-03 5.2493693e-02
-4.4361910e-03 5.2541864e-02
-4.5144162e-03 5.2552522e-02
-4.4361860e-03 5.2563181e-02
-4.3602449e-03 5.2726090e-02
-4.2843049e-03 5.2888996e-02
-4.1841910e-03 5.2901167e-02
-4.0840771e-03 5.2913338e-02
-4.0818569e-03 5.2922455e-02
-4.0796367e-03 5.2931572e-02
-3.8835199e-03 5.2922455e-02
-3.6873991e-03 5.2931572e-02
-3.6510429e-03 5.3020462e-02
-3.6146870e-03 5.3109351e-02
-3.6510429e-03 5.3020462e-02
-3.6146870e-03 5.3109351e-02
-3.6021994e-03 5.3263447e-02
-3.5897120e-03 5.3417541e-02
-3.5598988e-03 5.3490149e-02
-3.5300858e-03 5.3562756e-02
-3.5274925e-03 5.3600213e-02
-3.5248993e-03 5.3637670e-02
-3.3874034e-03 5.3643068e-02
-3.2499073e-03 5.3648466e-02
-3.2336497e-03 5.3695411e-02
-3.2173922e-03 5.3742355e-02
-3.1890726e-03 5.3825949e-02
-3.2173922e-03 5.3742355e-02
-3.1890726e-03 5.3825949e-02
-3.1607531e-03 5.3909542e-02
-3.1367299e-03 5.3926433e-02
-3.1127068e-03 5.3943325e-02
-3.1367299e-03 5.3926433e-02
-3.1127068e-03 5.3943325e-02
-3.0448924e-03 5.4015373e-02
-2.9770785e-03 5.4087421e-02
-3.0448924e-03 5.4015373e-02
-2.9770785e-03 5.4087421e-02
-3.0448924e-03 5.4015373e-02
-3.1127068e-03 5.3943325e-02
-3.0449070e-03 5.3926433e-02
-2.9771017e-03 5.3943325e-02
-3.0449070e-03 5.3926433e-02
-3.1127124e-03 5.3909542e-02
-3.0449235e-03 5.3825949e-02
-2.9771339e-03 5.3742355e-02
-2.9680315e-03 5.3695411e-02
-2.9589141e-03 5.3742355e-02
-2.9680106e-03 5.3825949e-02
-2.9588875e-03 5.3909542e-02
-2.9244857e-03 5.3825949e-02
-2.8900577e-03 5.3909542e-02
-2.8108894e-03 5.3926433e-02
-2.7317262e-03 5.3909542e-02
-2.7011460e-03 5.3825949e-02
-2.7317508e-03 5.3742355e-02
-2.7011460e-03 5.3825949e-02
-2.7317262e-03 5.3909542e-02
-2.7011314e-03 5.3926433e-02
-2.6705367e-03 5.3943325e-02
-2.6265588e-03 5.4015373e-02
-2.5825813e-03 5.4087421e-02
-2.5747656e-03 5.4116538e-02
-2.5825813e-03 5.4087421e-02
-2.5747656e-03 5.4116538e-02
-2.5825813e-03 5.4087421e-02
-2.5747797e-03 5.4015373e-02
-2.5669780e-03 5.3943325e-02
-2.4891529e-03 5.4015373e-02
-2.4113471e-03 5.3943325e-02
-2.3204849e-03 5.3926433e-02
-2.2296224e-03 5.3909542e-02
-2.1335181e-03 5.3926433e-02
-2.0374139e-03 5.3943325e-02
-2.0241254e-03 5.4015373e-02
-2.0108369e-03 5.4087421e-02
-1.9803775e-03 5.4015373e-02
-1.9499178e-03 5.3943325e-02
-1.9803870e-03 5.3926433e-02
-1.9499214e-03 5.3909542e-02
-1.9115803e-03 5.3909364e-02
-1.8732393e-03 5.3909186e-02
-1.9115890e-03 5.3825771e-02
-1.8732561e-03 5.3742355e-02
-1.8476570e-03 5.3825771e-02
-1.8220580e-03 5.3909186e-02
-1.8476570e-03 5.3825771e-02
-1.8220580e-03 5.3909186e-02
-1.7885019e-03 5.3825771e-02
-1.7549297e-03 5.3909186e-02
-1.7885019e-03 5.3825771e-02
-1.7549297e-03 5.3909186e-02
-1.6537078e-03 5.3909364e-02
-1.5524859e-03 5.3909542e-02
-1.5250118e-03 5.3926433e-02
-1.4975377e-03 5.3943325e-02
-1.4799898e-03 5.3926433e-02
-1.4624392e-03 5.3943325e-02
-1.4167393e-03 5.3926433e-02
-1.3710369e-03 5.3943325e-02
-1.3593822e-03 5.4015373e-02
-1.3477277e-03 5.4087421e-02
-1.2757628e-03 5.4098468e-02
-1.2037979e-03 5.4109514e-02
-1.2757628e-03 5.4098468e-02
-1.2037979e-03 5.4109514e-02
-1.1503078e-03 5.4127585e-02
-1.0968177e-03 5.4145656e-02
-1.0578672e-03 5.4178634e-02
-1.0189168e-03 5.4211613e-02
-9.9693104e-04 5.4214979e-02
-9.7494533e-04 5.4218345e-02
-9.3671104e-04 5.4241066e-02
-8.9847685e-04 5.4263788e-02
-8.7994764e-04 5.4303662e-02
-8.6141850e-04 5.4343537e-02
-7.6973426e-04 5.4364532e-02
-8.6141850e-04 5.4343537e-02
-7.6973681e-04 5.4303662e-02
-6.7805178e-04 5.4343537e-02
-6.4885742e-04 5.4364532e-02
-6.1966454e-04 5.4343537e-02
-5.2404535e-04 5.4303662e-02
-4.2842387e-04 5.4343537e-02
-4.1798968e-04 5.4364532e-02
-4.0755551e-04 5.4385528e-02
-3.0823520e-04 5.4389468e-02
-2.0891502e-04 5.4385528e-02
-1.2146220e-04 5.4389468e-02
-3.4009408e-05 5.4393408e-02
-2.6819485e-05 5.4403457e-02
-1.9629570e-05 5.4413505e-02
-1.2522916e-05 5.4445627e-02
-5.4162882e-06 5.4477749e-02
-2.7081406e-06 5.4501203e-02
-0.0000000e+00 5.4524657e-02
6.3582432e-05 5.4501203e-02
1.2716503e-04 5.4477749e-02
1.3491882e-04 5.4501203e-02
1.4267296e-04 5.4477749e-02
1.5038482e-04 5.4501203e-02
1.5809666e-04 5.4524657e-02
1.9869900e-04 5.4501203e-02
2.3930146e-04 5.4477749e-02
2.5442117e-04 5.4445627e-02
2.6954093e-04 5.4413505e-02
3.3044427e-04 5.4403457e-02
3.9134767e-04 5.4393408e-02
4.4417542e-04 5.4389468e-02
4.9700318e-04 5.4385528e-02
5.8012490e-04 5.4389468e-02
6.6324685e-04 5.4385528e-02
6.9329331e-04 5.4389468e-02
7.2333975e-04 5.4393408e-02
7.4586042e-04 5.4403457e-02
7.6838105e-04 5.4413505e-02
7.8878720e-04 5.4445627e-02
7.6838105e-04 5.4413505e-02
7.8878720e-04 5.4445627e-02
8.0919328e-04 5.4477749e-02
8.4671571e-04 5.4501203e-02
8.8423805e-04 5.4524657e-02
9.2958292e-04 5.4537251e-02
9.7492773e-04 5.4549844e-02
9.2958292e-04 5.4537251e-02
9.7492773e-04 5.4549844e-02
9.2958292e-04 5.4537251e-02
8.8423805e-04 5.4524657e-02
9.2958475e-04 5.4501203e-02
9.7492907e-04 5.4524657e-02
9.2958475e-04 5.4501203e-02
8.8423805e-04 5.4524657e-02
9.2958475e-04 5.4501203e-02
9.7493157e-04 5.4477749e-02
1.0025484e-03 5.4445627e-02
1.0301653e-03 5.4413505e-02
1.1091842e-03 5.4403457e-02
1.1882031e-03 5.4393408e-02
1.1091850e-03 5.4389468e-02
1.1882036e-03 5.4385528e-02
1.2588308e-03 5.4389468e-02
1.3294585e-03 5.4385528e-02
1.3959329e-03 5.4364532e-02
1.4624075e-03 5.4343537e-02
1.5443055e-03 5.4303662e-02
1.6261968e-03 5.4343537e-02
1.5443055e-03 5.4303662e-02
1.6261968e-03 5.4343537e-02
1.6303295e-03 5.4303662e-02
1.6344622e-03 5.4263788e-02
1.6946812e-03 5.4241066e-02
1.7548960e-03 5.4263788e-02
1.6946812e-03 5.4241066e-02
1.7548960e-03 5.4263788e-02
1.7738629e-03 5.4303662e-02
1.7928296e-03 5.4343537e-02
1.8612370e-03 5.4364532e-02
1.9296443e-03 5.4385528e-02
1.9300079e-03 5.4389468e-02
1.9303716e-03 5.4393408e-02
1.9348213e-03 5.4403457e-02
1.9392710e-03 5.4413505e-02
1.9445662e-03 5.4445627e-02
1.9498613e-03 5.4477749e-02
1.9445662e-03 5.4445627e-02
1.9392642e-03 5.4477749e-02
1.9445603e-03 5.4501203e-02
1.9498563e-03 5.4524657e-02
1.9445603e-03 5.4501203e-02
1.9498613e-03 5.4477749e-02
1.9445603e-03 5.4501203e-02
1.9498563e-03 5.4524657e-02
1.9445603e-03 5.4501203e-02
1.9498563e-03 5.4524657e-02
1.9445603e-03 5.4501203e-02
1.9498563e-03 5.4524657e-02
1.9629626e-03 5.4501203e-02
1.9760690e-03 5.4477749e-02
1.9778303e-03 5.4445627e-02
1.9795916e-03 5.4413505e-02
1.9849838e-03 5.4403457e-02
1.9903760e-03 5.4393408e-02
2.0049426e-03 5.4389468e-02
2.0195091e-03 5.4385528e-02
2.0334391e-03 5.4364532e-02
2.0473690e-03 5.4343537e-02
2.0887534e-03 5.4303662e-02
2.1301380e-03 5.4263788e-02
2.1500874e-03 5.4241066e-02
2.1700369e-03 5.4218345e-02
2.2099542e-03 5.4214979e-02
2.1700377e-03 5.4211613e-02
2.2099586e-03 5.4178634e-02
2.2498796e-03 5.4145656e-02
2.2549951e-03 5.4128418e-02
2.2601105e-03 5.4111181e-02
2.2714598e-03 5.4110348e-02
2.2828090e-03 5.4109514e-02
2.2852825e-03 5.4098468e-02
2.2877560e-03 5.4087421e-02
2.2929318e-03 5.4050383e-02
2.2877651e-03 5.4013346e-02
2.2929407e-03 5.3978335e-02
2.2981163e-03 5.3943325e-02
2.3832829e-03 5.3926433e-02
2.2981205e-03 5.3909542e-02
2.3832851e-03 5.3909364e-02
2.4684496e-03 5.3909186e-02
2.4716740e-03 5.3909364e-02
2.4684496e-03 5.3909186e-02
2.4716740e-03 5.3909364e-02
2.4748984e-03 5.3909186e-02
2.4852597e-03 5.3909364e-02
2.4956211e-03 5.3909186e-02
2.5211427e-03 5.3902207e-02
2.5466623e-03 5.3909186e-02
2.5522914e-03 5.3909364e-02
2.5579204e-03 5.3909542e-02
2.5522914e-03 5.3909364e-02
2.5579204e-03 5.3909542e-02
2.5522914e-03 5.3909364e-02
2.5466623e-03 5.3909186e-02
2.5522914e-03 5.3909364e-02
2.5466623e-03 5.3909542e-02
2.5211417e-03 5.3909364e-02
2.4956211e-03 5.3909186e-02
2.4852607e-03 5.3902207e-02
2.4749002e-03 5.3895227e-02
2.4716796e-03 5.3866926e-02
2.4684590e-03 5.3838625e-02
2.3832970e-03 5.3816414e-02
2.4684590e-03 5.3838625e-02
2.4716796e-03 5.3866926e-02
2.4684590e-03 5.3838625e-02
2.4716796e-03 5.3866926e-02
2.4749002e-03 5.3895227e-02
2.4716796e-03 5.3866926e-02
2.4749002e-03 5.3895227e-02
2.4716796e-03 5.3866926e-02
2.4684590e-03 5.3838625e-02
2.3832905e-03 5.3866926e-02
2.2981223e-03 5.3895227e-02
2.3832860e-03 5.3902207e-02
2.2981223e-03 5.3895227e-02
2.3832905e-03 5.3866926e-02
2.4684515e-03 5.3895227e-02
2.4716749e-03 5.3902207e-02
2.4684496e-03 5.3909186e-02
2.3832860e-03 5.3902207e-02
2.4684496e-03 5.3909186e-02
2.4716740e-03 5.3909364e-02
2.4748983e-03 5.3909542e-02
2.4852574e-03 5.3926433e-02
2.4956165e-03 5.3943325e-02
2.4852574e-03 5.3926433e-02
2.4956165e-03 5.3943325e-02
2.4852574e-03 5.3926433e-02
2.4748983e-03 5.3909542e-02
2.4852574e-03 5.3926433e-02
2.4748983e-03 5.3909542e-02
2.4852574e-03 5.3926433e-02
2.4748983e-03 5.3909542e-02
2.4852574e-03 5.3926433e-02
2.4748938e-03 5.3943325e-02
2.4852504e-03 5.3978335e-02
2.4956071e-03 5.4013346e-02
2.5211225e-03 5.4050383e-02
2.5466378e-03 5.4087421e-02
2.5522655e-03 5.4097036e-02
2.5578931e-03 5.4106651e-02
2.5522655e-03 5.4097036e-02
2.5466378e-03 5.4087421e-02
2.5522655e-03 5.4097036e-02
2.5578931e-03 5.4106651e-02
2.5585675e-03 5.4108083e-02
2.5578927e-03 5.4109514e-02
2.5585671e-03 5.4110348e-02
2.5592416e-03 5.4111181e-02
2.6096498e-03 5.4128418e-02
2.5592416e-03 5.4111181e-02
2.6096498e-03 5.4128418e-02
2.6600578e-03 5.4145656e-02
2.6096498e-03 5.4128418e-02
2.6600578e-03 5.4145656e-02
2.6096498e-03 5.4128418e-02
2.6600578e-03 5.4145656e-02
2.6612020e-03 5.4178634e-02
2.6623462e-03 5.4211613e-02
2.6717202e-03 5.4214979e-02
2.6810941e-03 5.4218345e-02
2.7273162e-03 5.4241066e-02
2.7735383e-03 5.4263788e-02
2.7273162e-03 5.4241066e-02
2.6810941e-03 5.4218345e-02
2.7273162e-03 5.4241066e-02
2.7735383e-03 5.4263788e-02
2.7827009e-03 5.4303662e-02
2.7918635e-03 5.4343537e-02
2.8126330e-03 5.4364532e-02
2.8334024e-03 5.4385528e-02
2.8126330e-03 5.4364532e-02
2.8334024e-03 5.4385528e-02
2.8463615e-03 5.4389468e-02
2.8334024e-03 5.4385528e-02
2.8463615e-03 5.4389468e-02
2.8593205e-03 5.4393408e-02
2.8920590e-03 5.4403457e-02
2.9248007e-03 5.4393408e-02
2.9247991e-03 5.4403457e-02
2.9247975e-03 5.4413505e-02
3.0128950e-03 5.4403457e-02
3.1009891e-03 5.4413505e-02
3.1140413e-03 5.4445627e-02
3.1009891e-03 5.4413505e-02
3.0128950e-03 5.4403457e-02
2.9248007e-03 5.4393408e-02
3.0128950e-03 5.4403457e-02
3.1009891e-03 5.4413505e-02
3.1140413e-03 5.4445627e-02
3.1270934e-03 5.4477749e-02
3.1140413e-03 5.4445627e-02
3.1009891e-03 5.4413505e-02
3.1140413e-03 5.4445627e-02
3.1009891e-03 5.4413505e-02
3.1140413e-03 5.4445627e-02
3.1009891e-03 5.4413505e-02
3.1140484e-03 5.4403457e-02
3.1271078e-03 5.4393408e-02
3.1140508e-03 5.4389468e-02
3.1009938e-03 5.4385528e-02
3.0129014e-03 5.4364532e-02
2.9248087e-03 5.4343537e-02
3.0129113e-03 5.4303662e-02
3.1010009e-03 5.4343537e-02
3.1140653e-03 5.4303662e-02
3.1271299e-03 5.4263788e-02
3.1140759e-03 5.4241066e-02
3.1010220e-03 5.4218345e-02
3.0129258e-03 5.4214979e-02
2.9248296e-03 5.4211613e-02
2.9248349e-03 5.4178634e-02
2.9248401e-03 5.4145656e-02
2.8921022e-03 5.4128418e-02
2.8593643e-03 5.4111181e-02
2.8464046e-03 5.4110348e-02
2.8593643e-03 5.4111181e-02
2.8921022e-03 5.4128418e-02
