-2.7991229e-02 2.2206998e-02
-2.7742111e-02 2.1497023e-02
-2.7492129e-02 2.2206998e-02
-2.7482328e-02 2.2228036e-02
-2.7472527e-02 2.2249075e-02
-2.7233751e-02 2.2857086e-02
-2.6994969e-02 2.3465080e-02
-2.6683864e-02 2.3580665e-02
-3.2087739e-02 1.8993006e-02
-3.0040013e-02 1.9890032e-02
-2.7992083e-02 2.0787026e-02
-3.0040013e-02 1.9890032e-02
-2.7993082e-02 1.8993006e-02
-3.0040966e-02 1.8224438e-02
-3.2088638e-02 1.7455848e-02
-3.1083326e-02 1.6740662e-02
-3.0077192e-02 1.7455848e-02
-3.1082520e-02 1.8224438e-02
-3.2087739e-02 1.8993006e-02
-1.0146613e-01 7.5973242e-03
-1.0105221e-01 1.5903806e-02
-8.4902534e-02 1.9076633e-02
-6.8709450e-02 2.2249075e-02
-6.2392899e-02 2.2972674e-02
-6.8709450e-02 2.2249075e-02
-6.2392899e-02 2.2972674e-02
-6.8709450e-02 2.2249075e-02
-6.2397997e-02 1.9076633e-02
-6.2397997e-02 1.9076633e-02
-6.8717743e-02 1.5903806e-02
-6.2401391e-02 1.5964632e-02
-5.6080062e-02 1.6025458e-02
-5.4830902e-02 1.9137452e-02
-5.3581190e-02 2.2249075e-02
-5.2049419e-02 1.9137452e-02
-5.0510711e-02 2.2249075e-02
-4.8694277e-02 2.2857086e-02
-4.6877555e-02 2.3465080e-02
-3.9483841e-02 2.2857086e-02
-3.2084695e-02 2.3465080e-02
-3.0037604e-02 2.3580665e-02
-2.7990273e-02 2.3696248e-02
-2.7740809e-02 2.3580665e-02
-2.7990425e-02 2.3465080e-02
-3.0038109e-02 2.2857086e-02
-2.7991203e-02 2.2249075e-02
-3.0039001e-02 2.1518062e-02
-3.2086595e-02 2.0787026e-02
-3.6532769e-02 1.9890032e-02
-3.2087739e-02 1.8993006e-02
-3.0041350e-02 1.7509271e-02
-3.2087739e-02 1.8993006e-02
-3.0040013e-02 1.9890032e-02
-2.7992083e-02 2.0787026e-02
-3.0040013e-02 1.9890032e-02
-2.7993082e-02 1.8993006e-02
-3.0040966e-02 1.8224438e-02
-3.2088638e-02 1.7455848e-02
-3.1083326e-02 1.6740662e-02
-3.0077192e-02 1.7455848e-02
-3.1082520e-02 1.8224438e-02
-3.2087739e-02 1.8993006e-02
-3.1081534e-02 1.9890032e-02
-3.0075277e-02 2.0787026e-02
-2.9033263e-02 2.1518062e-02
-2.7991229e-02 2.2206998e-02
-2.7742111e-02 2.1497023e-02
-2.7492129e-02 2.2206998e-02
-2.7482328e-02 2.2228036e-02
-2.7472527e-02 2.2249075e-02
-2.7233751e-02 2.2857086e-02
-2.6994969e-02 2.3465080e-02
-2.6683864e-02 2.3580665e-02
-2.6372756e-02 2.3696248e-02
-2.6068203e-02 2.3580665e-02
-2.5763644e-02 2.3465080e-02
-2.5309584e-02 2.3352925e-02
-2.4855380e-02 2.3465080e-02
-2.4797313e-02 2.3580665e-02
-2.4739246e-02 2.3696248e-02
-2.4612533e-02 2.4271312e-02
-2.4738555e-02 2.4846359e-02
-2.4796436e-02 2.5035889e-02
-2.4854551e-02 2.4846359e-02
-2.4796903e-02 2.4271312e-02
-2.4738555e-02 2.4846359e-02
-2.4796903e-02 2.4271312e-02
-2.4854551e-02 2.4846359e-02
-2.5308554e-02 2.5035889e-02
-2.4854315e-02 2.5225417e-02
-2.5308313e-02 2.5412863e-02
-2.4854079e-02 2.5600307e-02
-2.4795955e-02 2.5798864e-02
-2.4737831e-02 2.5997420e-02
-2.4611592e-02 2.5798864e-02
-2.4485350e-02 2.5600307e-02
-2.2688925e-02 2.5798864e-02
-2.4485099e-02 2.5997420e-02
-2.2688533e-02 2.6460311e-02
-2.0891860e-02 2.6923190e-02
-2.0764072e-02 2.7081244e-02
-2.0636284e-02 2.7239297e-02
-2.0763925e-02 2.7341587e-02
-2.0636168e-02 2.7443875e-02
-2.0381794e-02 2.7557158e-02
-2.0636168e-02 2.7443875e-02
-2.0381794e-02 2.7557158e-02
-2.0636040e-02 2.7670440e-02
-2.0381674e-02 2.7769083e-02
-2.0127308e-02 2.7867726e-02
-2.0381520e-02 2.8040010e-02
-2.0127113e-02 2.8212293e-02
-1.9910919e-02 2.8231116e-02
-1.9694743e-02 2.8212293e-02
-1.9292448e-02 2.8231116e-02
-1.8890146e-02 2.8249939e-02
-1.8754896e-02 2.8783235e-02
-1.8889566e-02 2.9316514e-02
-1.9291796e-02 2.9402392e-02
-1.9694018e-02 2.9488269e-02
-1.9291710e-02 2.9554803e-02
-1.8889397e-02 2.9621336e-02
-1.8754354e-02 2.9769856e-02
-1.8619477e-02 2.9621336e-02
-1.7993447e-02 2.9769856e-02
-1.7367409e-02 2.9918374e-02
-1.6637077e-02 2.9983297e-02
-1.5906729e-02 3.0048220e-02
-1.6637028e-02 3.0080176e-02
-1.5906698e-02 3.0112133e-02
-1.4393246e-02 3.0136338e-02
-1.2879731e-02 3.0160544e-02
-1.2565888e-02 3.0192259e-02
-1.2879731e-02 3.0160544e-02
-1.2565888e-02 3.0192259e-02
-1.2252044e-02 3.0223975e-02
-1.2219529e-02 3.0359899e-02
-1.2251942e-02 3.0495822e-02
-1.2219455e-02 3.0559057e-02
-1.2186967e-02 3.0622293e-02
-1.1924633e-02 3.0680040e-02
-1.1662297e-02 3.0737786e-02
-1.1431789e-02 3.0889809e-02
-1.1662297e-02 3.0737786e-02
-1.1924633e-02 3.0680040e-02
-1.2186924e-02 3.0737786e-02
-1.2219331e-02 3.0889809e-02
-1.2186810e-02 3.1041831e-02
-1.1924477e-02 3.1103906e-02
-1.1662143e-02 3.1165981e-02
-1.1431613e-02 3.1382664e-02
-1.1662143e-02 3.1165981e-02
-1.1431613e-02 3.1382664e-02
-1.1662143e-02 3.1165981e-02
-1.1431613e-02 3.1382664e-02
-1.1661984e-02 3.1599343e-02
-1.1924219e-02 3.1789336e-02
-1.1661843e-02 3.1979326e-02
-1.1431301e-02 3.2240322e-02
-1.1200762e-02 3.2501314e-02
-1.1178394e-02 3.2525366e-02
-1.1156027e-02 3.2549417e-02
-1.0682362e-02 3.2525366e-02
-1.1156045e-02 3.2501314e-02
-1.0682362e-02 3.2525366e-02
-1.0208692e-02 3.2501314e-02
-9.7085359e-03 3.2525366e-02
-1.0208676e-02 3.2549417e-02
-9.7085196e-03 3.2576622e-02
-9.2083595e-03 3.2603827e-02
-8.7340228e-03 3.2779463e-02
-9.2083595e-03 3.2603827e-02
-8.7340807e-03 3.2576622e-02
-8.2597825e-03 3.2603827e-02
-8.7340505e-03 3.2682605e-02
-8.2597400e-03 3.2761383e-02
-8.7340002e-03 3.2858241e-02
-8.2596874e-03 3.2955098e-02
-8.7338664e-03 3.3320996e-02
-8.2594859e-03 3.3686885e-02
-7.9516274e-03 3.3794127e-02
-7.6437694e-03 3.3901368e-02
-7.1721753e-03 3.3794127e-02
-6.7005746e-03 3.3686885e-02
-6.4868079e-03 3.3794127e-02
-6.2730422e-03 3.3901368e-02
-6.4868079e-03 3.3794127e-02
-6.7005260e-03 3.3901368e-02
-6.4868079e-03 3.3794127e-02
-6.2730422e-03 3.3901368e-02
-6.4867681e-03 3.3975078e-02
-6.7005260e-03 3.3901368e-02
-7.1721753e-03 3.3794127e-02
-7.3185145e-03 3.3901368e-02
-7.0095034e-03 3.3975078e-02
-7.3184778e-03 3.4048789e-02
-7.0095034e-03 3.3975078e-02
-7.3185145e-03 3.3901368e-02
-7.0095034e-03 3.3975078e-02
-6.7004924e-03 3.4048789e-02
-6.6435471e-03 3.4160539e-02
-6.7004924e-03 3.4048789e-02
-6.6435891e-03 3.3975078e-02
-6.7005260e-03 3.3901368e-02
-6.9196723e-03 3.3794127e-02
-6.7005260e-03 3.3901368e-02
-6.9196723e-03 3.3794127e-02
-7.1387677e-03 3.3901368e-02
-7.2286231e-03 3.3975078e-02
-7.1387677e-03 3.3901368e-02
-6.9196723e-03 3.3794127e-02
-6.7005746e-03 3.3686885e-02
-6.9197822e-03 3.3320996e-02
-6.7005746e-03 3.3686885e-02
-6.6436298e-03 3.3794127e-02
-6.5866854e-03 3.3901368e-02
-6.5134858e-03 3.3975078e-02
-6.5866524e-03 3.4048789e-02
-6.5134446e-03 3.4160539e-02
-6.4402373e-03 3.4272289e-02
-6.5134446e-03 3.4160539e-02
-6.5866524e-03 3.4048789e-02
-6.6435891e-03 3.3975078e-02
-6.5866524e-03 3.4048789e-02
-6.6435891e-03 3.3975078e-02
-6.7005260e-03 3.3901368e-02
-6.6435891e-03 3.3975078e-02
-6.7004924e-03 3.4048789e-02
-6.6435471e-03 3.4160539e-02
-6.5866524e-03 3.4048789e-02
-6.6435891e-03 3.3975078e-02
-6.7005260e-03 3.3901368e-02
-6.9196723e-03 3.3794127e-02
-7.1388195e-03 3.3686885e-02
-6.9196723e-03 3.3794127e-02
-6.7005746e-03 3.3686885e-02
-6.6436298e-03 3.3794127e-02
-6.7005260e-03 3.3901368e-02
-6.9196299e-03 3.3975078e-02
-6.7004924e-03 3.4048789e-02
-6.6435891e-03 3.3975078e-02
-6.5866524e-03 3.4048789e-02
-6.5134446e-03 3.4160539e-02
-6.4402373e-03 3.4272289e-02
-6.3566244e-03 3.4160539e-02
-6.4402373e-03 3.4272289e-02
-6.3565807e-03 3.4361315e-02
-6.4402373e-03 3.4272289e-02
-6.3565807e-03 3.4361315e-02
-6.4402373e-03 3.4272289e-02
-6.3565807e-03 3.4361315e-02
-6.2729244e-03 3.4450341e-02
-6.3565325e-03 3.4580835e-02
-6.2728678e-03 3.4711327e-02
-6.2025064e-03 3.4730066e-02
-6.2728596e-03 3.4748805e-02
-6.2024863e-03 3.4822938e-02
-6.1321133e-03 3.4897070e-02
-6.0585837e-03 3.4937204e-02
-5.9850541e-03 3.4977338e-02
-6.0585837e-03 3.4937204e-02
-5.9850541e-03 3.4977338e-02
-5.8710640e-03 3.4937204e-02
-5.7570733e-03 3.4897070e-02
-5.7086188e-03 3.4937204e-02
-5.6601644e-03 3.4977338e-02
-5.6469324e-03 3.4995322e-02
-5.6337004e-03 3.5013305e-02
-5.5942189e-03 3.5015664e-02
-5.5547374e-03 3.5018023e-02
-5.3817211e-03 3.5015664e-02
-5.5547374e-03 3.5018023e-02
-5.5942189e-03 3.5015664e-02
-5.6337004e-03 3.5013305e-02
-5.6469324e-03 3.4995322e-02
-5.6337004e-03 3.5013305e-02
-5.5942189e-03 3.5015664e-02
-5.6337004e-03 3.5013305e-02
-5.5942189e-03 3.5015664e-02
-5.5547374e-03 3.5018023e-02
-5.5942189e-03 3.5015664e-02
-5.5547374e-03 3.5018023e-02
-5.3817197e-03 3.5023212e-02
-5.2087017e-03 3.5028402e-02
-5.3817007e-03 3.5123462e-02
-5.5546983e-03 3.5218522e-02
-5.5941779e-03 3.5224291e-02
-5.6336575e-03 3.5230061e-02
-5.5941627e-03 3.5301275e-02
-5.5546960e-03 3.5230061e-02
-5.5941627e-03 3.5301275e-02
-5.6336291e-03 3.5372489e-02
-5.6468567e-03 3.5375946e-02
-5.6600857e-03 3.5372489e-02
-5.7085458e-03 3.5301275e-02
-5.6600857e-03 3.5372489e-02
-5.7085458e-03 3.5301275e-02
-5.7569771e-03 3.5372489e-02
-5.7085307e-03 3.5375946e-02
-5.7569771e-03 3.5372489e-02
-5.7085307e-03 3.5375946e-02
-5.6600843e-03 3.5379402e-02
-5.7085307e-03 3.5375946e-02
-5.6600857e-03 3.5372489e-02
-5.6468567e-03 3.5375946e-02
-5.6336277e-03 3.5379402e-02
-5.6468567e-03 3.5375946e-02
-5.6336277e-03 3.5379402e-02
-5.6468567e-03 3.5375946e-02
-5.6336277e-03 3.5379402e-02
-5.6468567e-03 3.5375946e-02
-5.6336277e-03 3.5379402e-02
-5.5941117e-03 3.5558581e-02
-5.5546667e-03 3.5379402e-02
-5.4828145e-03 3.5558581e-02
-5.4109629e-03 3.5737757e-02
-5.3098009e-03 3.5558581e-02
-5.2086373e-03 3.5379402e-02
-5.1811522e-03 3.5558581e-02
-5.1537330e-03 3.5379402e-02
-5.1811858e-03 3.5375946e-02
-5.1537330e-03 3.5379402e-02
-5.1811858e-03 3.5375946e-02
-5.2086386e-03 3.5372489e-02
-5.1811995e-03 3.5301275e-02
-5.1537343e-03 3.5372489e-02
-5.1246874e-03 3.5375946e-02
-5.0956417e-03 3.5372489e-02
-5.1247009e-03 3.5301275e-02
-5.1537343e-03 3.5372489e-02
-5.1811995e-03 3.5301275e-02
-5.1537343e-03 3.5372489e-02
-5.1811995e-03 3.5301275e-02
-5.2086648e-03 3.5230061e-02
-5.3098638e-03 3.5224291e-02
-5.2086669e-03 3.5218522e-02
-5.1812319e-03 3.5123462e-02
-5.1537623e-03 3.5218522e-02
-5.1247330e-03 3.5123462e-02
-5.1537967e-03 3.5028402e-02
-5.1247507e-03 3.5025008e-02
-5.1537980e-03 3.5021614e-02
-5.1812508e-03 3.5019818e-02
-5.2087036e-03 3.5018023e-02
-5.3099027e-03 3.5015664e-02
-5.2087036e-03 3.5018023e-02
-5.3099027e-03 3.5015664e-02
-5.4111017e-03 3.5013305e-02
-5.3099027e-03 3.5015664e-02
-5.4111017e-03 3.5013305e-02
-5.4829196e-03 3.5015664e-02
-5.5547383e-03 3.5013305e-02
-5.5942229e-03 3.4995322e-02
-5.6337075e-03 3.4977338e-02
-5.6469439e-03 3.4937204e-02
-5.6601803e-03 3.4897070e-02
-5.6469439e-03 3.4937204e-02
-5.6601803e-03 3.4897070e-02
-5.6469439e-03 3.4937204e-02
-5.6601803e-03 3.4897070e-02
-5.7086416e-03 3.4822938e-02
-5.7571031e-03 3.4748805e-02
-5.8058948e-03 3.4730066e-02
-5.8546865e-03 3.4711327e-02
-5.9199017e-03 3.4693528e-02
-5.9851170e-03 3.4675730e-02
-5.9199062e-03 3.4671625e-02
-5.8546937e-03 3.4675730e-02
-5.8059021e-03 3.4693528e-02
-5.7571106e-03 3.4711327e-02
-5.7086600e-03 3.4730066e-02
-5.6602169e-03 3.4711327e-02
-5.7086673e-03 3.4693528e-02
-5.7571177e-03 3.4675730e-02
-5.7086673e-03 3.4693528e-02
-5.6602169e-03 3.4711327e-02
-5.7086673e-03 3.4693528e-02
-5.6602169e-03 3.4711327e-02
-5.6469846e-03 3.4730066e-02
-5.6337524e-03 3.4748805e-02
-5.5942565e-03 3.4822938e-02
-5.5547896e-03 3.4748805e-02
-5.5942746e-03 3.4730066e-02
-5.6337597e-03 3.4711327e-02
-5.6469918e-03 3.4693528e-02
-5.6337597e-03 3.4711327e-02
-5.6469918e-03 3.4693528e-02
-5.6337597e-03 3.4711327e-02
-5.5942746e-03 3.4730066e-02
-5.5547896e-03 3.4748805e-02
-5.4829742e-03 3.4730066e-02
-5.5547968e-03 3.4711327e-02
-5.5942817e-03 3.4693528e-02
-5.5547968e-03 3.4711327e-02
-5.4829742e-03 3.4730066e-02
-5.4111516e-03 3.4748805e-02
-5.4829742e-03 3.4730066e-02
-5.4111587e-03 3.4711327e-02
-5.3099556e-03 3.4730066e-02
-5.4111587e-03 3.4711327e-02
-5.3099623e-03 3.4693528e-02
-5.2087658e-03 3.4675730e-02
-5.3099664e-03 3.4671625e-02
-5.4111669e-03 3.4667520e-02
-5.3099871e-03 3.4558931e-02
-5.4112075e-03 3.4450341e-02
-5.3099871e-03 3.4558931e-02
-5.4112075e-03 3.4450341e-02
-5.3100233e-03 3.4361315e-02
-5.2088382e-03 3.4272289e-02
-5.3100598e-03 3.4160539e-02
-5.2088780e-03 3.4048789e-02
-5.1814376e-03 3.3975078e-02
-5.1539970e-03 3.3901368e-02
-5.1814694e-03 3.3794127e-02
-5.1539970e-03 3.3901368e-02
-5.1814694e-03 3.3794127e-02
-5.1539970e-03 3.3901368e-02
-5.1249364e-03 3.3975078e-02
-5.0958759e-03 3.4048789e-02
-5.1249364e-03 3.3975078e-02
-5.0959014e-03 3.3901368e-02
-4.9874979e-03 3.3794127e-02
-4.8790934e-03 3.3686885e-02
-4.8702276e-03 3.3655651e-02
-4.8613618e-03 3.3624417e-02
-4.8431636e-03 3.3399529e-02
-4.8249648e-03 3.3174638e-02
-4.7126327e-03 3.3399529e-02
-4.6003710e-03 3.3174638e-02
-4.4957848e-03 3.3399529e-02
-4.3912660e-03 3.3174638e-02
-4.1870251e-03 3.3163061e-02
-3.9827837e-03 3.3151484e-02
-3.8242856e-03 3.3053291e-02
-3.6657862e-03 3.2955098e-02
-3.6242479e-03 3.2955098e-02
-3.5827096e-03 3.2955098e-02
-3.4644831e-03 3.2927131e-02
-3.3462562e-03 3.2899163e-02
-3.3289530e-03 3.2927131e-02
-3.3116560e-03 3.2899163e-02
-3.3289567e-03 3.2893474e-02
-3.3116572e-03 3.2887785e-02
-3.2941667e-03 3.2879222e-02
-3.2766761e-03 3.2870658e-02
-3.2710123e-03 3.2843305e-02
-3.2766820e-03 3.2815951e-02
-3.2710177e-03 3.2792641e-02
-3.2766820e-03 3.2815951e-02
-3.2710177e-03 3.2792641e-02
-3.2653534e-03 3.2769330e-02
-3.2612962e-03 3.2765357e-02
-3.2653542e-03 3.2761383e-02
-3.2613050e-03 3.2682605e-02
-3.2572558e-03 3.2603827e-02
-3.2613154e-03 3.2585747e-02
-3.2572597e-03 3.2567666e-02
-3.2231152e-03 3.2558542e-02
-3.1889707e-03 3.2549417e-02
-3.1234813e-03 3.2532084e-02
-3.0579917e-03 3.2514750e-02
-3.0521314e-03 3.2508032e-02
-3.0462710e-03 3.2501314e-02
-2.9869312e-03 3.2472921e-02
-2.9275912e-03 3.2444527e-02
-2.9275929e-03 3.2427546e-02
-2.9275945e-03 3.2410565e-02
-2.8843344e-03 3.2361083e-02
-2.8410742e-03 3.2311600e-02
-2.8404364e-03 3.2189498e-02
-2.8397985e-03 3.2067395e-02
-2.7791575e-03 3.2040785e-02
-2.8398034e-03 3.2014176e-02
-2.8404539e-03 3.1996751e-02
-2.8398066e-03 3.1979326e-02
-2.8404597e-03 3.1933138e-02
-2.8398149e-03 3.1886951e-02
-2.7791725e-03 3.1872150e-02
-2.7185300e-03 3.1857350e-02
-2.6936674e-03 3.1834881e-02
-2.6688048e-03 3.1812412e-02
-2.6936785e-03 3.1705878e-02
-2.6688229e-03 3.1599343e-02
-2.6152593e-03 3.1705878e-02
-2.5617134e-03 3.1599343e-02
-2.3722737e-03 3.1382664e-02
-2.1828014e-03 3.1599343e-02
-2.1817256e-03 3.1705878e-02
-2.1828014e-03 3.1599343e-02
-2.1817479e-03 3.1382664e-02
-2.1806942e-03 3.1165981e-02
-2.1785606e-03 3.1131654e-02
-2.1764270e-03 3.1097326e-02
-2.1383743e-03 3.1095386e-02
-2.1003213e-03 3.1097326e-02
-2.0996480e-03 3.1095386e-02
-2.0989746e-03 3.1093446e-02
-2.0579147e-03 3.1067638e-02
-2.0989780e-03 3.1041831e-02
-2.0996524e-03 3.1027669e-02
-2.1003268e-03 3.1013507e-02
-2.1383804e-03 3.1003666e-02
-2.1003281e-03 3.0993824e-02
-2.0996546e-03 3.0993759e-02
-2.1003281e-03 3.0993694e-02
-2.1383844e-03 3.0943553e-02
-2.1764408e-03 3.0893411e-02
-2.1785820e-03 3.0815599e-02
-2.1807231e-03 3.0737786e-02
-2.1817954e-03 3.0680040e-02
-2.1828677e-03 3.0622293e-02
-2.3723304e-03 3.0611504e-02
-2.5617913e-03 3.0622293e-02
-2.6153430e-03 3.0680040e-02
-2.6688946e-03 3.0737786e-02
-2.6937535e-03 3.0815599e-02
-2.7186122e-03 3.0893411e-02
-2.7792536e-03 3.0943553e-02
-2.8398947e-03 3.0993694e-02
-2.8405437e-03 3.0993759e-02
-2.8411927e-03 3.0993694e-02
-2.8844594e-03 3.0993759e-02
-2.9277260e-03 3.0993694e-02
-2.8844638e-03 3.0943553e-02
-2.8412015e-03 3.0893411e-02
-2.8405594e-03 3.0815599e-02
-2.8399172e-03 3.0737786e-02
-2.8405712e-03 3.0680040e-02
-2.8412252e-03 3.0622293e-02
-2.8405772e-03 3.0611504e-02
-2.8399291e-03 3.0600715e-02
-2.7792874e-03 3.0548269e-02
-2.8399382e-03 3.0495822e-02
-2.8405877e-03 3.0490440e-02
-2.8399391e-03 3.0485058e-02
-2.8405889e-03 3.0475764e-02
-2.8399407e-03 3.0466469e-02
-2.7793031e-03 3.0362848e-02
-2.7186650e-03 3.0259227e-02
-2.7793031e-03 3.0362848e-02
-2.8399407e-03 3.0466469e-02
-2.7793031e-03 3.0362848e-02
-2.7186650e-03 3.0259227e-02
-2.7793133e-03 3.0241601e-02
-2.7186679e-03 3.0223975e-02
-2.6938044e-03 3.0195427e-02
-2.6689410e-03 3.0166880e-02
-2.6153841e-03 3.0163712e-02
-2.6689410e-03 3.0166880e-02
-2.6938044e-03 3.0195427e-02
-2.7186726e-03 3.0166880e-02
-2.6938070e-03 3.0163712e-02
-2.7186731e-03 3.0160544e-02
-2.7793221e-03 3.0136338e-02
-2.8399712e-03 3.0112133e-02
-2.7793268e-03 3.0080176e-02
-2.8399767e-03 3.0048220e-02
-2.8406278e-03 3.0023835e-02
-2.8412789e-03 2.9999450e-02
-2.8406333e-03 2.9958912e-02
-2.8399877e-03 2.9918374e-02
-2.7793503e-03 2.9798681e-02
-2.7187123e-03 2.9678988e-02
-2.6938484e-03 2.9650162e-02
-2.6689845e-03 2.9621336e-02
-2.6154317e-03 2.9554803e-02
-2.5618786e-03 2.9488269e-02
-2.3724165e-03 2.9402392e-02
-2.1829532e-03 2.9316514e-02
-2.1819018e-03 2.9048899e-02
-2.1808502e-03 2.8781279e-02
-2.1787182e-03 2.8715883e-02
-2.1765862e-03 2.8650487e-02
-2.1385332e-03 2.8607072e-02
-2.1004801e-03 2.8563658e-02
-2.0998066e-03 2.8563658e-02
-2.0991330e-03 2.8563658e-02
-2.0998066e-03 2.8563658e-02
-2.0991330e-03 2.8563658e-02
-2.0998066e-03 2.8563658e-02
-2.0991330e-03 2.8563658e-02
-2.0580701e-03 2.8533982e-02
-2.0991330e-03 2.8563658e-02
-2.0580701e-03 2.8533982e-02
-2.0991330e-03 2.8563658e-02
-2.0580701e-03 2.8533982e-02
-2.0170038e-03 2.8563658e-02
-2.0580684e-03 2.8563658e-02
-2.0991330e-03 2.8563658e-02
-2.0580684e-03 2.8563658e-02
-2.0170038e-03 2.8563658e-02
-2.0014136e-03 2.8607072e-02
-1.9858235e-03 2.8650487e-02
-1.9823268e-03 2.8715883e-02
-1.9858161e-03 2.8781279e-02
-2.0013881e-03 2.9048899e-02
-2.0169598e-03 2.9316514e-02
-2.0013675e-03 2.9402392e-02
-1.9857752e-03 2.9488269e-02
-1.9822813e-03 2.9504568e-02
-1.9787875e-03 2.9520866e-02
-1.9822774e-03 2.9571101e-02
-1.9787816e-03 2.9621336e-02
-1.9822728e-03 2.9650162e-02
-1.9787782e-03 2.9678988e-02
-1.9304761e-03 2.9798681e-02
-1.8821744e-03 2.9918374e-02
-1.8821811e-03 2.9798681e-02
-1.8821878e-03 2.9678988e-02
-1.8321797e-03 2.9650162e-02
-1.7821684e-03 2.9678988e-02
-1.7694402e-03 2.9650162e-02
-1.7567119e-03 2.9621336e-02
-1.6966383e-03 2.9571101e-02
-1.6365645e-03 2.9520866e-02
-1.5610129e-03 2.9504568e-02
-1.4854612e-03 2.9488269e-02
-1.4747007e-03 2.9402392e-02
-1.4639328e-03 2.9488269e-02
-1.4246696e-03 2.9504568e-02
-1.3854078e-03 2.9488269e-02
-1.3816128e-03 2.9504568e-02
-1.3778192e-03 2.9488269e-02
-1.2378877e-03 2.9402392e-02
-1.0979499e-03 2.9488269e-02
-9.1022251e-04 2.9504568e-02
-7.2249519e-04 2.9520866e-02
-6.5613003e-04 2.9571101e-02
-5.8976506e-04 2.9621336e-02
-5.8766761e-04 2.9650162e-02
-5.8557017e-04 2.9678988e-02
-5.1467747e-04 2.9798681e-02
-4.4378527e-04 2.9918374e-02
-5.1467747e-04 2.9798681e-02
-4.4378527e-04 2.9918374e-02
-5.1467747e-04 2.9798681e-02
-5.8557017e-04 2.9678988e-02
-5.1467747e-04 2.9798681e-02
-4.4378527e-04 2.9918374e-02
-5.1467747e-04 2.9798681e-02
-4.4378527e-04 2.9918374e-02
-2.8675067e-04 2.9798681e-02
-4.4378844e-04 2.9678988e-02
-2.8675067e-04 2.9798681e-02
-1.2971400e-04 2.9918374e-02
-2.8675067e-04 2.9798681e-02
-4.4378844e-04 2.9678988e-02
-2.8675067e-04 2.9798681e-02
-1.2971400e-04 2.9918374e-02
-2.8675067e-04 2.9798681e-02
-1.2971400e-04 2.9918374e-02
-1.1280168e-04 2.9958912e-02
-1.2971400e-04 2.9918374e-02
-2.8675067e-04 2.9798681e-02
-4.4378844e-04 2.9678988e-02
-2.8675067e-04 2.9798681e-02
-4.4378844e-04 2.9678988e-02
-5.1467975e-04 2.9650162e-02
-4.4378920e-04 2.9621336e-02
-5.1468095e-04 2.9571101e-02
-4.4378920e-04 2.9621336e-02
-2.8675261e-04 2.9571101e-02
-1.2971515e-04 2.9621336e-02
-2.8675261e-04 2.9571101e-02
-1.2971515e-04 2.9621336e-02
-2.8675193e-04 2.9650162e-02
-4.4378920e-04 2.9621336e-02
-5.1468095e-04 2.9571101e-02
-5.8557291e-04 2.9520866e-02
-5.1468095e-04 2.9571101e-02
-5.8557291e-04 2.9520866e-02
-5.1468196e-04 2.9504568e-02
-4.4379052e-04 2.9520866e-02
-2.8675261e-04 2.9571101e-02
-1.2971515e-04 2.9621336e-02
-1.1280298e-04 2.9571101e-02
-9.5890486e-05 2.9621336e-02
-4.0158357e-05 2.9650162e-02
1.5573703e-05 2.9621336e-02
2.2011287e-05 2.9571101e-02
1.5573749e-05 2.9520866e-02
-4.0158530e-05 2.9504568e-02
-9.5890864e-05 2.9488269e-02
-4.0158621e-05 2.9427714e-02
1.5573820e-05 2.9367160e-02
2.2011436e-05 2.9341837e-02
1.5573843e-05 2.9316514e-02
-4.0158932e-05 2.9163752e-02
1.5573982e-05 2.9010987e-02
-4.0159244e-05 2.8896134e-02
1.5573982e-05 2.9010987e-02
-4.0159244e-05 2.8896134e-02
-9.5892839e-05 2.8781279e-02
-4.0159244e-05 2.8896134e-02
-9.5892839e-05 2.8781279e-02
-1.1280580e-04 2.8715883e-02
-1.2971833e-04 2.8781279e-02
-1.1280521e-04 2.8896134e-02
-1.2971833e-04 2.8781279e-02
-2.8675975e-04 2.8715883e-02
-4.4380175e-04 2.8650487e-02
-2.8675975e-04 2.8715883e-02
-1.2971833e-04 2.8781279e-02
-1.1280521e-04 2.8896134e-02
-1.2971833e-04 2.8781279e-02
-2.8675975e-04 2.8715883e-02
-4.4380175e-04 2.8650487e-02
-5.1469378e-04 2.8715883e-02
-4.4380009e-04 2.8781279e-02
-2.8675827e-04 2.8896134e-02
-4.4380009e-04 2.8781279e-02
-2.8675827e-04 2.8896134e-02
-1.2971747e-04 2.9010987e-02
-1.1280433e-04 2.9163752e-02
-1.2971747e-04 2.9010987e-02
-2.8675827e-04 2.8896134e-02
-4.4379714e-04 2.9010987e-02
-2.8675604e-04 2.9163752e-02
-1.2971631e-04 2.9316514e-02
-2.8675604e-04 2.9163752e-02
-4.4379714e-04 2.9010987e-02
-5.1469111e-04 2.8896134e-02
-4.4379714e-04 2.9010987e-02
-2.8675604e-04 2.9163752e-02
-1.2971631e-04 2.9316514e-02
-2.8675604e-04 2.9163752e-02
-1.2971631e-04 2.9316514e-02
-2.8675604e-04 2.9163752e-02
-4.4379714e-04 2.9010987e-02
-2.8675604e-04 2.9163752e-02
-1.2971631e-04 2.9316514e-02
-2.8675604e-04 2.9163752e-02
-4.4379318e-04 2.9316514e-02
-2.8675454e-04 2.9341837e-02
-4.4379318e-04 2.9316514e-02
-5.1468711e-04 2.9163752e-02
-4.4379318e-04 2.9316514e-02
-5.1468443e-04 2.9341837e-02
-4.4379252e-04 2.9367160e-02
-2.8675382e-04 2.9427714e-02
-1.2971566e-04 2.9488269e-02
-1.1280321e-04 2.9504568e-02
-9.5890771e-05 2.9520866e-02
-4.0158451e-05 2.9571101e-02
-9.5890771e-05 2.9520866e-02
-4.0158451e-05 2.9571101e-02
1.5573703e-05 2.9621336e-02
2.2011235e-05 2.9650162e-02
2.8448756e-05 2.9678988e-02
2.2011235e-05 2.9650162e-02
2.8448805e-05 2.9621336e-02
2.2011287e-05 2.9571101e-02
2.8448805e-05 2.9621336e-02
2.2011287e-05 2.9571101e-02
2.8448890e-05 2.9520866e-02
2.2011330e-05 2.9504568e-02
2.8448890e-05 2.9520866e-02
4.2532551e-05 2.9504568e-02
2.8448917e-05 2.9488269e-02
4.2532648e-05 2.9427714e-02
5.6616226e-05 2.9488269e-02
9.9913751e-05 2.9427714e-02
5.6616428e-05 2.9367160e-02
9.9914004e-05 2.9341837e-02
1.4321164e-04 2.9316514e-02
9.9914524e-05 2.9163752e-02
1.4321164e-04 2.9316514e-02
9.9914524e-05 2.9163752e-02
1.4321164e-04 2.9316514e-02
9.9914524e-05 2.9163752e-02
1.4321164e-04 2.9316514e-02
1.4584473e-04 2.9341837e-02
1.4321164e-04 2.9316514e-02
1.4584473e-04 2.9341837e-02
1.4847781e-04 2.9367160e-02
1.5710310e-04 2.9427714e-02
1.6572836e-04 2.9488269e-02
1.5710310e-04 2.9427714e-02
1.6572895e-04 2.9367160e-02
1.8046009e-04 2.9427714e-02
1.9519118e-04 2.9488269e-02
1.8046009e-04 2.9427714e-02
1.9519118e-04 2.9488269e-02
2.3483927e-04 2.9504568e-02
2.7448733e-04 2.9520866e-02
2.8006592e-04 2.9571101e-02
2.7448733e-04 2.9520866e-02
2.8006592e-04 2.9571101e-02
2.7448651e-04 2.9621336e-02
2.3483881e-04 2.9571101e-02
1.9519041e-04 2.9621336e-02
1.8045933e-04 2.9571101e-02
1.6572771e-04 2.9621336e-02
1.5710243e-04 2.9571101e-02
1.4847713e-04 2.9520866e-02
1.5710243e-04 2.9571101e-02
1.4847713e-04 2.9520866e-02
1.5710243e-04 2.9571101e-02
1.6572771e-04 2.9621336e-02
1.5710243e-04 2.9571101e-02
1.6572771e-04 2.9621336e-02
1.8045890e-04 2.9650162e-02
1.6572771e-04 2.9621336e-02
1.5710243e-04 2.9571101e-02
1.6572771e-04 2.9621336e-02
1.5710243e-04 2.9571101e-02
1.4847713e-04 2.9520866e-02
1.5710243e-04 2.9571101e-02
1.6572771e-04 2.9621336e-02
1.8045890e-04 2.9650162e-02
1.6572771e-04 2.9621336e-02
1.5710243e-04 2.9571101e-02
1.4847713e-04 2.9520866e-02
1.4584403e-04 2.9504568e-02
1.4321078e-04 2.9520866e-02
9.9913525e-05 2.9504568e-02
5.6616172e-05 2.9520866e-02
9.9913329e-05 2.9571101e-02
1.4321036e-04 2.9621336e-02
9.9913329e-05 2.9571101e-02
5.6616172e-05 2.9520866e-02
4.2532551e-05 2.9504568e-02
2.8448917e-05 2.9488269e-02
2.2011380e-05 2.9427714e-02
1.5573820e-05 2.9367160e-02
2.0233718e-06 2.9341837e-02
-1.1527096e-05 2.9316514e-02
-5.3709462e-05 2.9163752e-02
-9.5892203e-05 2.9010987e-02
-1.1280433e-04 2.9163752e-02
-1.2971747e-04 2.9010987e-02
-2.8675764e-04 2.8971502e-02
-4.4379816e-04 2.8932017e-02
-5.1469091e-04 2.8909307e-02
-5.8558376e-04 2.8886597e-02
-5.1469091e-04 2.8909307e-02
-5.8558299e-04 2.8932017e-02
-5.8768036e-04 2.8909307e-02
-5.8977774e-04 2.8886597e-02
-6.5614414e-04 2.8834927e-02
-7.2250857e-04 2.8886597e-02
-7.9865621e-04 2.8909307e-02
-8.7480374e-04 2.8932017e-02
-9.8638465e-04 2.8971502e-02
-1.0979653e-03 2.9010987e-02
-1.1215203e-03 2.8971502e-02
-1.1450753e-03 2.8932017e-02
-1.2614593e-03 2.8909307e-02
-1.3778434e-03 2.8886597e-02
-1.3816398e-03 2.8834927e-02
-1.3854321e-03 2.8886597e-02
-1.4246974e-03 2.8834927e-02
-1.4639585e-03 2.8886597e-02
-1.4246974e-03 2.8834927e-02
-1.3854321e-03 2.8886597e-02
-1.4246974e-03 2.8834927e-02
-1.3854362e-03 2.8783257e-02
-1.3816398e-03 2.8834927e-02
-1.3854321e-03 2.8886597e-02
-1.4246974e-03 2.8834927e-02
-1.3854321e-03 2.8886597e-02
-1.3816369e-03 2.8909307e-02
-1.3778434e-03 2.8886597e-02
-1.2614593e-03 2.8909307e-02
-1.3778434e-03 2.8886597e-02
-1.2614593e-03 2.8909307e-02
-1.1450753e-03 2.8932017e-02
-1.1215223e-03 2.8909307e-02
-1.1450768e-03 2.8886597e-02
-1.1215223e-03 2.8909307e-02
-1.1450768e-03 2.8886597e-02
-1.2614620e-03 2.8834927e-02
-1.1450768e-03 2.8886597e-02
-1.1215223e-03 2.8909307e-02
-1.1450768e-03 2.8886597e-02
-1.1215223e-03 2.8909307e-02
-1.0979678e-03 2.8932017e-02
-9.8638465e-04 2.8971502e-02
-1.0979678e-03 2.8932017e-02
-1.1215223e-03 2.8909307e-02
-1.1450768e-03 2.8886597e-02
-1.2614620e-03 2.8834927e-02
-1.3778475e-03 2.8783257e-02
-1.3816419e-03 2.8782268e-02
-1.3778475e-03 2.8783257e-02
-1.2614620e-03 2.8834927e-02
-1.1450768e-03 2.8886597e-02
-1.1215223e-03 2.8909307e-02
-1.0979678e-03 2.8932017e-02
-9.8638465e-04 2.8971502e-02
-8.7480174e-04 2.9010987e-02
-9.8638465e-04 2.8971502e-02
-1.0979678e-03 2.8932017e-02
-1.1215203e-03 2.8971502e-02
-1.1450753e-03 2.8932017e-02
-1.2614570e-03 2.8971502e-02
-1.3778416e-03 2.8932017e-02
-1.3816344e-03 2.8971502e-02
-1.3854271e-03 2.9010987e-02
-1.3816267e-03 2.9163752e-02
-1.3778262e-03 2.9316514e-02
-1.2614434e-03 2.9341837e-02
-1.1450608e-03 2.9367160e-02
-1.1215053e-03 2.9427714e-02
-1.0979499e-03 2.9488269e-02
-1.1215053e-03 2.9427714e-02
-1.0979539e-03 2.9367160e-02
-9.8637151e-04 2.9427714e-02
-8.7478952e-04 2.9488269e-02
-7.9864413e-04 2.9427714e-02
-7.2249846e-04 2.9367160e-02
-6.5613280e-04 2.9427714e-02
-5.8976948e-04 2.9367160e-02
-5.8767147e-04 2.9427714e-02
-5.8557348e-04 2.9488269e-02
-5.1468196e-04 2.9504568e-02
-4.4379052e-04 2.9520866e-02
-5.1468095e-04 2.9571101e-02
-4.4378920e-04 2.9621336e-02
-5.1467975e-04 2.9650162e-02
-4.4378844e-04 2.9678988e-02
-2.8675067e-04 2.9798681e-02
-1.2971400e-04 2.9918374e-02
-1.1280168e-04 2.9958912e-02
-1.2971400e-04 2.9918374e-02
-1.1280222e-04 2.9798681e-02
-9.5890322e-05 2.9678988e-02
-5.5174227e-05 2.9798681e-02
-9.5890322e-05 2.9678988e-02
-1.1280222e-04 2.9798681e-02
-9.5889814e-05 2.9856932e-02
-5.5174080e-05 2.9887653e-02
-9.5889638e-05 2.9918374e-02
-1.1280168e-04 2.9958912e-02
-9.5889405e-05 2.9999450e-02
-1.1280146e-04 3.0023835e-02
-1.2971349e-04 3.0048220e-02
-2.4153524e-04 3.0080176e-02
-3.5335676e-04 3.0112133e-02
-3.9856969e-04 3.0115100e-02
-4.4378261e-04 3.0118066e-02
-5.1467222e-04 3.0139305e-02
-5.8556173e-04 3.0160544e-02
-5.8765858e-04 3.0163712e-02
-5.8975543e-04 3.0166880e-02
-6.5611817e-04 3.0175745e-02
-7.2248087e-04 3.0184610e-02
-7.9862563e-04 3.0204293e-02
-8.7477030e-04 3.0223975e-02
-9.8634755e-04 3.0241601e-02
-1.0979247e-03 3.0259227e-02
-1.1214740e-03 3.0362848e-02
-1.1450231e-03 3.0466469e-02
-1.2614006e-03 3.0475764e-02
-1.3777780e-03 3.0485058e-02
-1.3815726e-03 3.0475764e-02
-1.3853664e-03 3.0485058e-02
-1.3853664e-03 3.0485058e-02
-1.3853664e-03 3.0485058e-02
-1.3853664e-03 3.0485058e-02
-1.3853664e-03 3.0485058e-02
-1.3815720e-03 3.0490440e-02
-1.3815720e-03 3.0490440e-02
-1.3853664e-03 3.0485058e-02
-1.3853664e-03 3.0485058e-02
-1.3853664e-03 3.0485058e-02
-1.4246281e-03 3.0475764e-02
-1.4246281e-03 3.0475764e-02
-1.4246281e-03 3.0475764e-02
-1.4246281e-03 3.0475764e-02
-1.4638890e-03 3.0485058e-02
-1.4638890e-03 3.0485058e-02
-1.4638890e-03 3.0485058e-02
-1.4638890e-03 3.0485058e-02
-1.4638890e-03 3.0485058e-02
-1.4638890e-03 3.0485058e-02
-1.4246275e-03 3.0490440e-02
-1.4638886e-03 3.0495822e-02
-1.4746527e-03 3.0490440e-02
-1.4746527e-03 3.0490440e-02
-1.4746527e-03 3.0490440e-02
-1.4746527e-03 3.0490440e-02
-1.4854168e-03 3.0485058e-02
-1.5609674e-03 3.0475764e-02
-1.5609674e-03 3.0475764e-02
-1.4854168e-03 3.0485058e-02
-1.5609674e-03 3.0475764e-02
-1.5609674e-03 3.0475764e-02
-1.6365172e-03 3.0485058e-02
-1.6965915e-03 3.0490440e-02
-1.7566663e-03 3.0485058e-02
-1.7693962e-03 3.0475764e-02
-1.7693962e-03 3.0475764e-02
-1.7693962e-03 3.0475764e-02
-1.7693962e-03 3.0475764e-02
-1.7821252e-03 3.0485058e-02
-1.8226284e-03 3.0475764e-02
-1.8631317e-03 3.0466469e-02
-1.8631317e-03 3.0466469e-02
-1.8726434e-03 3.0362848e-02
-1.8821432e-03 3.0466469e-02
-1.8821492e-03 3.0362848e-02
-1.8821551e-03 3.0259227e-02
-1.9304505e-03 3.0241601e-02
-1.9787459e-03 3.0223975e-02
-1.9822399e-03 3.0204293e-02
-1.9822399e-03 3.0204293e-02
-1.9857315e-03 3.0223975e-02
-2.0013196e-03 3.0204293e-02
-2.0169077e-03 3.0184610e-02
-2.0467263e-03 3.0204293e-02
-2.0467263e-03 3.0204293e-02
-2.0765473e-03 3.0184610e-02
-2.0877907e-03 3.0175745e-02
-2.0877907e-03 3.0175745e-02
-2.0990331e-03 3.0184610e-02
-2.0997071e-03 3.0175745e-02
-2.1003801e-03 3.0184610e-02
-2.1322027e-03 3.0204293e-02
-2.1640278e-03 3.0184610e-02
-2.1702584e-03 3.0175745e-02
-2.1764879e-03 3.0184610e-02
-2.1786245e-03 3.0175745e-02
-2.1807611e-03 3.0166880e-02
-2.1818297e-03 3.0163712e-02
-2.1828979e-03 3.0166880e-02
-2.3723627e-03 3.0163712e-02
-2.5618268e-03 3.0166880e-02
-2.6096851e-03 3.0163712e-02
-2.6575434e-03 3.0160544e-02
-2.6632442e-03 3.0139305e-02
-2.6689449e-03 3.0118066e-02
-2.6938110e-03 3.0115100e-02
-2.7186766e-03 3.0118066e-02
-2.7793219e-03 3.0139305e-02
-2.8399707e-03 3.0118066e-02
-2.8406179e-03 3.0139305e-02
-2.8412651e-03 3.0160544e-02
-2.8845326e-03 3.0163712e-02
-2.9278001e-03 3.0166880e-02
-2.9277993e-03 3.0175745e-02
-2.9277985e-03 3.0184610e-02
-2.9871436e-03 3.0204293e-02
-3.0464923e-03 3.0184610e-02
-3.0517270e-03 3.0204293e-02
-3.0569653e-03 3.0184610e-02
-3.0575910e-03 3.0175745e-02
-3.0582168e-03 3.0166880e-02
-3.1237132e-03 3.0163712e-02
-3.1892097e-03 3.0160544e-02
-3.2233598e-03 3.0139305e-02
-3.2575099e-03 3.0118066e-02
-3.2615681e-03 3.0115100e-02
-3.2656263e-03 3.0112133e-02
-3.2712967e-03 3.0080176e-02
-3.2769672e-03 3.0048220e-02
-3.2801500e-03 3.0023835e-02
-3.2833328e-03 2.9999450e-02
-3.2976494e-03 2.9958912e-02
-3.3119661e-03 2.9918374e-02
-3.3292709e-03 2.9887653e-02
-3.3465758e-03 2.9856932e-02
-3.3292828e-03 2.9767960e-02
-3.3465935e-03 2.9678988e-02
-3.3585099e-03 2.9650162e-02
-3.3704263e-03 2.9621336e-02
-3.4767583e-03 2.9588886e-02
-3.5830903e-03 2.9556436e-02
-3.6246350e-03 2.9538651e-02
-3.6661796e-03 2.9520866e-02
-3.6986252e-03 2.9504568e-02
-3.7310707e-03 2.9488269e-02
-3.8295226e-03 2.9427714e-02
-3.9279747e-03 2.9367160e-02
-3.9556178e-03 2.9341837e-02
-3.9832609e-03 2.9316514e-02
-3.9859157e-03 2.9276909e-02
-3.9885705e-03 2.9237304e-02
-4.0438061e-03 2.9154664e-02
-4.0990418e-03 2.9072025e-02
-4.1546826e-03 2.9041506e-02
-4.2103235e-03 2.9010987e-02
-4.2313731e-03 2.8971502e-02
-4.2524228e-03 2.8932017e-02
-4.2720020e-03 2.8909307e-02
-4.2915812e-03 2.8886597e-02
-4.3417223e-03 2.8834927e-02
-4.3918636e-03 2.8783257e-02
-4.3983991e-03 2.8782268e-02
-4.4049347e-03 2.8781279e-02
-4.4481485e-03 2.8750897e-02
-4.4913624e-03 2.8720515e-02
-4.5461867e-03 2.8698880e-02
-4.6010111e-03 2.8677244e-02
-4.6148526e-03 2.8663866e-02
-4.6286941e-03 2.8650487e-02
-4.7255782e-03 2.8607072e-02
-4.6286941e-03 2.8650487e-02
-4.7255705e-03 2.8663866e-02
-4.6286905e-03 2.8677244e-02
-4.6148479e-03 2.8698880e-02
-4.6010053e-03 2.8720515e-02
-4.6148410e-03 2.8750897e-02
-4.6009973e-03 2.8781279e-02
-4.6148369e-03 2.8782268e-02
-4.6286767e-03 2.8781279e-02
-4.7255587e-03 2.8750897e-02
-4.8224323e-03 2.8781279e-02
-4.7255544e-03 2.8782268e-02
-4.6286764e-03 2.8783257e-02
-4.6148299e-03 2.8834927e-02
-4.6009833e-03 2.8886597e-02
-4.5461599e-03 2.8903717e-02
-4.4913365e-03 2.8920836e-02
-4.4481260e-03 2.8926427e-02
-4.4049155e-03 2.8932017e-02
-4.4481202e-03 2.8971502e-02
-4.4913247e-03 2.9010987e-02
-4.5461417e-03 2.9041506e-02
-4.6009586e-03 2.9072025e-02
-4.6147871e-03 2.9154664e-02
-4.6286155e-03 2.9237304e-02
-4.7254866e-03 2.9276909e-02
-4.6286047e-03 2.9316514e-02
-4.6147647e-03 2.9320541e-02
-4.6009247e-03 2.9324568e-02
-4.5461013e-03 2.9345864e-02
-4.4912780e-03 2.9367160e-02
-4.4480609e-03 2.9427714e-02
-4.4048439e-03 2.9488269e-02
-4.3983065e-03 2.9504568e-02
-4.3917691e-03 2.9520866e-02
-4.3416331e-03 2.9538651e-02
-4.2914971e-03 2.9556436e-02
-4.2719170e-03 2.9588886e-02
-4.2523369e-03 2.9621336e-02
-4.2312889e-03 2.9650162e-02
-4.2102409e-03 2.9678988e-02
-4.1545938e-03 2.9767960e-02
-4.0989470e-03 2.9856932e-02
-4.0437185e-03 2.9887653e-02
-3.9884902e-03 2.9918374e-02
-3.9858352e-03 2.9958912e-02
-3.9831802e-03 2.9999450e-02
-3.9555377e-03 3.0023835e-02
-3.9278952e-03 3.0048220e-02
-3.8294482e-03 3.0080176e-02
-3.7310014e-03 3.0112133e-02
-3.6985617e-03 3.0080176e-02
-3.6661150e-03 3.0112133e-02
-3.6245726e-03 3.0115100e-02
-3.5830303e-03 3.0118066e-02
-3.5597096e-03 3.0115100e-02
-3.5363889e-03 3.0112133e-02
-3.5017645e-03 3.0080176e-02
-3.4671401e-03 3.0048220e-02
-3.4187642e-03 3.0023835e-02
-3.3703883e-03 2.9999450e-02
-3.3686902e-03 2.9958912e-02
-3.3669921e-03 2.9918374e-02
-3.3567839e-03 2.9887653e-02
-3.3465758e-03 2.9856932e-02
-3.3292828e-03 2.9767960e-02
-3.3119898e-03 2.9678988e-02
-3.2976798e-03 2.9650162e-02
-3.2833698e-03 2.9621336e-02
-3.2801925e-03 2.9588886e-02
-3.2770152e-03 2.9556436e-02
-3.2713495e-03 2.9538651e-02
-3.2770187e-03 2.9520866e-02
-3.2713528e-03 2.9504568e-02
-3.2656870e-03 2.9488269e-02
-3.2616348e-03 2.9427714e-02
-3.2575826e-03 2.9367160e-02
-3.2531021e-03 2.9345864e-02
-3.2486215e-03 2.9324568e-02
-3.2531045e-03 2.9320541e-02
-3.2575875e-03 2.9316514e-02
-3.2616493e-03 2.9276909e-02
-3.2657111e-03 2.9237304e-02
-3.2616587e-03 2.9177969e-02
-4.4379816e-04 2.8932017e-02
-5.1469091e-04 2.8909307e-02
-5.8558376e-04 2.8886597e-02
-5.1469091e-04 2.8909307e-02
-5.8558299e-04 2.8932017e-02
-5.8768036e-04 2.8909307e-02
-5.8977774e-04 2.8886597e-02
-6.5614414e-04 2.8834927e-02
-3.2616493e-03 2.9276909e-02
-3.2657111e-03 2.9237304e-02
-3.2616587e-03 2.9177969e-02
-4.4379816e-04 2.8932017e-02
-5.1469091e-04 2.8909307e-02
-5.8558376e-04 2.8886597e-02
-5.1469091e-04 2.8909307e-02
-5.8558299e-04 2.8932017e-02
-5.8768036e-04 2.8909307e-02
-5.8977774e-04 2.8886597e-02
