2.3159107e-02 -4.2748148e-02
1.6787039e-02 -5.2910225e-02
2.3155612e-02 -4.6142443e-02
2.0197762e-02 -5.0819770e-02
1.7240524e-02 -5.5494872e-02
1.3829121e-02 -5.9278973e-02
1.0418729e-02 -6.3061375e-02
1.3829121e-02 -5.9278973e-02
1.0418729e-02 -6.3061375e-02
8.0452616e-03 -6.5866275e-02
5.6725179e-03 -6.8670137e-02
-5.3531819e-04 -7.4025396e-02
-3.8099285e-04 -7.4824214e-02
-3.5601860e-03 -7.7100710e-02
-6.7381710e-03 -7.9376405e-02
-6.8188045e-03 -8.3471784e-02
-6.7381710e-03 -7.9376405e-02
-6.8188045e-03 -8.3471784e-02
-6.7381710e-03 -7.9376405e-02
-6.8188045e-03 -8.3471784e-02
-6.8992684e-03 -8.7564358e-02
-1.6194437e-02 -9.7218933e-02
-6.8992684e-03 -8.7564358e-02
-6.8175696e-03 -8.5609023e-02
-6.8992684e-03 -8.7564358e-02
-1.6194437e-02 -9.7218933e-02
-2.5467843e-02 -1.0685536e-01
-2.5725223e-02 -1.0709570e-01
-2.5467843e-02 -1.0685536e-01
-1.8291267e-02 -9.7409978e-02
-1.1097894e-02 -8.7947127e-02
-8.9986562e-03 -8.7755745e-02
-6.8992684e-03 -8.7564358e-02
-8.9986562e-03 -8.7755745e-02
-6.8992684e-03 -8.7564358e-02
-6.8171192e-03 -8.6375531e-02
-6.7349433e-03 -8.5186459e-02
-6.3659670e-03 -8.4419795e-02
-5.9969374e-03 -8.3653032e-02
-5.8160852e-03 -8.2476096e-02
-5.6351894e-03 -8.1298931e-02
-5.1456058e-03 -8.0337743e-02
-4.6559392e-03 -7.9376405e-02
-3.6464435e-03 -7.8850956e-02
-2.6368555e-03 -7.8325464e-02
-1.5089626e-03 -7.7581330e-02
-3.8093459e-04 -7.6837111e-02
4.8188396e-04 -7.5830740e-02
1.3448333e-03 -7.4824214e-02
4.8188396e-04 -7.5830740e-02
1.3448333e-03 -7.4824214e-02
3.5080582e-03 -7.2426488e-02
1.3448333e-03 -7.4824214e-02
3.5080582e-03 -7.2426488e-02
5.6719830e-03 -7.0027928e-02
3.6350786e-03 -7.2426488e-02
5.6719830e-03 -7.0027928e-02
6.7062845e-03 -6.9349064e-02
7.7406661e-03 -6.8670137e-02
6.7062845e-03 -6.9349064e-02
7.7399362e-03 -7.0027928e-02
8.7027136e-03 -6.9349064e-02
7.7399362e-03 -7.0027928e-02
8.7008122e-03 -7.2426488e-02
7.7372433e-03 -7.4824214e-02
7.5855439e-03 -7.5830740e-02
7.4338597e-03 -7.6837111e-02
7.5855439e-03 -7.5830740e-02
7.4338597e-03 -7.6837111e-02
6.5511290e-03 -7.7581330e-02
5.6684867e-03 -7.8325464e-02
6.5511290e-03 -7.7581330e-02
7.4338597e-03 -7.6837111e-02
6.5511290e-03 -7.7581330e-02
5.6684867e-03 -7.8325464e-02
6.5504772e-03 -7.8850956e-02
7.4329996e-03 -7.8325464e-02
6.5504772e-03 -7.8850956e-02
7.4326896e-03 -7.8855068e-02
7.5839247e-03 -7.8590271e-02
7.7348426e-03 -7.8855068e-02
7.5836098e-03 -7.9115742e-02
7.7345230e-03 -7.9376405e-02
8.6955461e-03 -8.0337743e-02
9.6563963e-03 -8.1298931e-02
8.6945030e-03 -8.1814223e-02
7.7326725e-03 -8.2329472e-02
7.5815147e-03 -8.2527169e-02
7.7324196e-03 -8.2724860e-02
8.6935147e-03 -8.3188964e-02
9.6545175e-03 -8.3653032e-02
1.0028100e-02 -8.4419795e-02
9.6532649e-03 -8.5186459e-02
1.0026422e-02 -8.6375531e-02
1.0399485e-02 -8.7564358e-02
1.3279872e-02 -8.7589899e-02
1.6160098e-02 -8.7564358e-02
1.3279872e-02 -8.7589899e-02
1.0399438e-02 -8.7615440e-02
1.0399438e-02 -8.7615440e-02
1.1764480e-02 -8.7781286e-02
1.1764480e-02 -8.7781286e-02
1.3129437e-02 -8.7947127e-02
1.4644327e-02 -8.8103845e-02
1.6159106e-02 -8.8260559e-02
1.6455343e-02 -8.8103845e-02
1.6751122e-02 -8.8260559e-02
1.6974024e-02 -8.9246309e-02
1.7196870e-02 -9.0231884e-02
1.8223508e-02 -9.0594516e-02
1.9250038e-02 -9.0957123e-02
1.9833877e-02 -9.0594516e-02
2.0416393e-02 -9.0957123e-02
1.9832963e-02 -9.1100520e-02
2.0416393e-02 -9.0957123e-02
1.9832963e-02 -9.1100520e-02
2.0416393e-02 -9.0957123e-02
2.0488320e-02 -9.0594516e-02
2.0560249e-02 -9.0231884e-02
2.1098356e-02 -8.9246309e-02
2.0560249e-02 -9.0231884e-02
2.1098356e-02 -8.9246309e-02
2.0560249e-02 -9.0231884e-02
2.1098356e-02 -8.9246309e-02
2.1636525e-02 -8.8260559e-02
2.1098356e-02 -8.9246309e-02
2.0560249e-02 -9.0231884e-02
2.1098356e-02 -8.9246309e-02
2.0560249e-02 -9.0231884e-02
2.0488320e-02 -9.0594516e-02
2.0417737e-02 -9.0231884e-02
1.9833877e-02 -9.0594516e-02
2.0417737e-02 -9.0231884e-02
2.0490810e-02 -8.9246309e-02
2.0563875e-02 -8.8260559e-02
2.1100475e-02 -8.8116618e-02
2.0563875e-02 -8.8260559e-02
2.1100475e-02 -8.8116618e-02
2.0563875e-02 -8.8260559e-02
2.0490810e-02 -8.9246309e-02
2.0563875e-02 -8.8260559e-02
2.0490810e-02 -8.9246309e-02
2.0421338e-02 -8.8260559e-02
2.0492867e-02 -8.8116618e-02
2.0421858e-02 -8.7972674e-02
1.9838554e-02 -8.7959900e-02
2.0421904e-02 -8.7947127e-02
2.0493409e-02 -8.7816892e-02
2.0422372e-02 -8.7686655e-02
2.0493708e-02 -8.7651048e-02
2.0422500e-02 -8.7615440e-02
1.9839093e-02 -8.7651048e-02
1.9255676e-02 -8.7686655e-02
1.9839093e-02 -8.7651048e-02
1.9255676e-02 -8.7686655e-02
1.9839093e-02 -8.7651048e-02
2.0422500e-02 -8.7615440e-02
1.9839199e-02 -8.7589899e-02
1.9255883e-02 -8.7564358e-02
1.9120707e-02 -8.6436360e-02
1.9259647e-02 -8.5308142e-02
1.9843225e-02 -8.5247301e-02
2.0426795e-02 -8.5186459e-02
2.0499418e-02 -8.4419795e-02
2.0572038e-02 -8.3653032e-02
2.0669102e-02 -8.3633576e-02
2.0766166e-02 -8.3614120e-02
2.1205745e-02 -8.3577745e-02
2.1645317e-02 -8.3541370e-02
2.2142364e-02 -8.3133129e-02
2.1646790e-02 -8.2724860e-02
2.1207599e-02 -8.2527169e-02
2.0767705e-02 -8.2724860e-02
2.0669967e-02 -8.3133129e-02
2.0572231e-02 -8.3541370e-02
2.0500871e-02 -8.3577745e-02
2.0429512e-02 -8.3614120e-02
1.9928546e-02 -8.3633576e-02
1.9427571e-02 -8.3653032e-02
1.9343710e-02 -8.4419795e-02
1.9259847e-02 -8.5186459e-02
1.9122663e-02 -8.5247301e-02
1.8985677e-02 -8.5186459e-02
1.8356049e-02 -8.5247301e-02
1.7726413e-02 -8.5308142e-02
1.8356049e-02 -8.5247301e-02
1.7726413e-02 -8.5308142e-02
1.8356049e-02 -8.5247301e-02
1.7726413e-02 -8.5308142e-02
1.7518100e-02 -8.6436360e-02
1.7313187e-02 -8.5308142e-02
1.7313187e-02 -8.5308142e-02
1.7258844e-02 -8.5247301e-02
1.7258844e-02 -8.5247301e-02
1.7313367e-02 -8.5186459e-02
1.7260058e-02 -8.4419795e-02
1.7206732e-02 -8.3653032e-02
1.6982281e-02 -8.3633576e-02
1.6757827e-02 -8.3614120e-02
1.6461752e-02 -8.3577745e-02
1.6165673e-02 -8.3541370e-02
1.5815354e-02 -8.3133129e-02
1.5465004e-02 -8.2724860e-02
1.5273252e-02 -8.2527169e-02
1.5081492e-02 -8.2329472e-02
1.4526187e-02 -8.1814223e-02
1.3970823e-02 -8.1298931e-02
1.3765963e-02 -8.0896072e-02
1.3561087e-02 -8.0493186e-02
1.3349994e-02 -7.9934821e-02
1.3138876e-02 -7.9376405e-02
1.3041832e-02 -7.9115742e-02
1.3139419e-02 -7.8855068e-02
1.3351419e-02 -7.8590271e-02
1.3139419e-02 -7.8855068e-02
1.3042374e-02 -7.8590271e-02
1.2945323e-02 -7.8325464e-02
1.3043400e-02 -7.7584246e-02
1.2946815e-02 -7.6842944e-02
1.2602306e-02 -7.6840027e-02
1.2257795e-02 -7.6837111e-02
1.2079804e-02 -7.6840027e-02
1.1901812e-02 -7.6842944e-02
1.1790959e-02 -7.7584246e-02
1.1680112e-02 -7.8325464e-02
1.1046676e-02 -7.8590271e-02
1.0413257e-02 -7.8855068e-02
1.0409934e-02 -7.9115742e-02
1.0406611e-02 -7.9376405e-02
1.0032210e-02 -7.9429038e-02
9.6578101e-03 -7.9481670e-02
9.4494414e-03 -7.9987449e-02
9.2410863e-03 -8.0493186e-02
8.4871870e-03 -8.0896072e-02
7.7333259e-03 -8.1298931e-02
7.5819599e-03 -8.1814223e-02
7.4306043e-03 -8.2329472e-02
7.5819599e-03 -8.1814223e-02
7.7333259e-03 -8.1298931e-02
7.5819599e-03 -8.1814223e-02
7.4306043e-03 -8.2329472e-02
7.5819599e-03 -8.1814223e-02
7.7333259e-03 -8.1298931e-02
8.4871870e-03 -8.0896072e-02
9.2410863e-03 -8.0493186e-02
9.4494414e-03 -7.9987449e-02
9.6578101e-03 -7.9481670e-02
9.9385838e-03 -7.9429038e-02
1.0219358e-02 -7.9376405e-02
9.9388311e-03 -7.9115742e-02
1.0219781e-02 -7.8855068e-02
1.0313626e-02 -7.8590271e-02
1.0219781e-02 -7.8855068e-02
9.9392438e-03 -7.8590271e-02
1.0220207e-02 -7.8325464e-02
9.9400262e-03 -7.7584246e-02
9.6598061e-03 -7.6842944e-02
9.4517785e-03 -7.6840027e-02
9.6598105e-03 -7.6837111e-02
9.4520963e-03 -7.6402014e-02
9.2443656e-03 -7.5966888e-02
9.4527093e-03 -7.5549973e-02
9.2449491e-03 -7.5133031e-02
8.5170026e-03 -7.4978624e-02
9.2451636e-03 -7.4824214e-02
9.4533102e-03 -7.4705435e-02
9.6614596e-03 -7.4586654e-02
9.9423337e-03 -7.4538204e-02
1.0223208e-02 -7.4489754e-02
1.0316878e-02 -7.4479133e-02
1.0410548e-02 -7.4468512e-02
1.0413802e-02 -7.4281488e-02
1.0410837e-02 -7.4094459e-02
1.0317818e-02 -7.3247633e-02
1.0412131e-02 -7.2400702e-02
1.0415317e-02 -7.2300016e-02
1.0418502e-02 -7.2199329e-02
1.0415317e-02 -7.2300016e-02
1.0418502e-02 -7.2199329e-02
1.0415317e-02 -7.2300016e-02
1.0418502e-02 -7.2199329e-02
1.0427870e-02 -7.2009274e-02
1.0437237e-02 -7.1819214e-02
1.0427870e-02 -7.2009274e-02
1.0437237e-02 -7.1819214e-02
1.0428146e-02 -7.1641435e-02
1.0437504e-02 -7.1463652e-02
1.0741315e-02 -7.1296568e-02
1.0437753e-02 -7.1129480e-02
1.0741577e-02 -7.0954613e-02
1.1045407e-02 -7.0779743e-02
1.0741577e-02 -7.0954613e-02
1.1045407e-02 -7.0779743e-02
1.1366239e-02 -7.0548161e-02
1.1045768e-02 -7.0316571e-02
1.0741887e-02 -7.0548161e-02
1.1045768e-02 -7.0316571e-02
1.0742117e-02 -7.0244286e-02
1.1045881e-02 -7.0171999e-02
1.1366598e-02 -7.0099964e-02
1.1687316e-02 -7.0027928e-02
1.1797605e-02 -6.9958990e-02
1.1907896e-02 -6.9890052e-02
1.1968857e-02 -6.9589399e-02
1.2029820e-02 -6.9288734e-02
1.2147351e-02 -6.9102078e-02
1.2264885e-02 -6.8915417e-02
1.2279760e-02 -6.8909240e-02
1.2294636e-02 -6.8903063e-02
1.2356753e-02 -6.8786601e-02
1.2418871e-02 -6.8670137e-02
1.2420177e-02 -6.8561926e-02
1.2421482e-02 -6.8453713e-02
1.2493665e-02 -6.8043446e-02
1.2421482e-02 -6.8453713e-02
1.2493665e-02 -6.8043446e-02
1.2421482e-02 -6.8453713e-02
1.2493665e-02 -6.8043446e-02
1.2565849e-02 -6.7633157e-02
1.2494155e-02 -6.7465324e-02
1.2422177e-02 -6.7633157e-02
1.2420617e-02 -6.8043446e-02
1.2419056e-02 -6.8453713e-02
1.2357216e-02 -6.8240229e-02
1.2295015e-02 -6.8453713e-02
1.2280054e-02 -6.8561926e-02
1.2265093e-02 -6.8670137e-02
1.2280054e-02 -6.8561926e-02
1.2265275e-02 -6.8453713e-02
1.2148071e-02 -6.8240229e-02
1.2030513e-02 -6.8453713e-02
1.1969971e-02 -6.8240229e-02
1.1909428e-02 -6.8026739e-02
1.1799009e-02 -6.8240229e-02
1.1688592e-02 -6.8453713e-02
1.1367849e-02 -6.8513672e-02
1.1047107e-02 -6.8573631e-02
1.1367849e-02 -6.8513672e-02
1.1047107e-02 -6.8573631e-02
1.0743408e-02 -6.8513672e-02
1.0439619e-02 -6.8573631e-02
1.0430358e-02 -6.8621884e-02
1.0421166e-02 -6.8573631e-02
1.0418098e-02 -6.8513672e-02
1.0414945e-02 -6.8573631e-02
1.0418098e-02 -6.8513672e-02
1.0414945e-02 -6.8573631e-02
1.0418098e-02 -6.8513672e-02
1.0415031e-02 -6.8453713e-02
1.0321286e-02 -6.8513672e-02
1.0227543e-02 -6.8573631e-02
1.0101000e-02 -6.8621884e-02
1.0227543e-02 -6.8573631e-02
1.0101000e-02 -6.8621884e-02
9.9745239e-03 -6.8573631e-02
1.0101075e-02 -6.8513672e-02
9.9745239e-03 -6.8573631e-02
1.0101075e-02 -6.8513672e-02
1.0227627e-02 -6.8453713e-02
1.0101075e-02 -6.8513672e-02
9.9746059e-03 -6.8453713e-02
9.8223427e-03 -6.8240229e-02
9.6700742e-03 -6.8026739e-02
9.6679597e-03 -6.8134543e-02
9.6658451e-03 -6.8242345e-02
9.6644982e-03 -6.8348030e-02
9.6631511e-03 -6.8453713e-02
9.4563398e-03 -6.8348030e-02
9.2495246e-03 -6.8242345e-02
9.4564778e-03 -6.8134543e-02
9.2495246e-03 -6.8242345e-02
8.8911876e-03 -6.8348030e-02
8.5328534e-03 -6.8453713e-02
8.5323917e-03 -6.8513672e-02
8.5319300e-03 -6.8573631e-02
8.5059727e-03 -6.8621884e-02
8.4800155e-03 -6.8670137e-02
8.5059727e-03 -6.8621884e-02
8.4800155e-03 -6.8670137e-02
8.4436145e-03 -6.8678403e-02
8.4072135e-03 -6.8686670e-02
8.1103942e-03 -6.8747335e-02
7.8135759e-03 -6.8808000e-02
7.8029633e-03 -6.8855532e-02
7.7923507e-03 -6.8903063e-02
7.7664430e-03 -6.8909240e-02
7.7923507e-03 -6.8903063e-02
7.8029633e-03 -6.8855532e-02
7.8135759e-03 -6.8808000e-02
7.8029633e-03 -6.8855532e-02
7.7923507e-03 -6.8903063e-02
7.7664430e-03 -6.8909240e-02
7.7405353e-03 -6.8915417e-02
7.7010108e-03 -6.9102078e-02
7.7405353e-03 -6.8915417e-02
7.7664430e-03 -6.8909240e-02
7.7923507e-03 -6.8903063e-02
7.8029633e-03 -6.8855532e-02
7.7924018e-03 -6.8808000e-02
7.7665297e-03 -6.8747335e-02
7.7924669e-03 -6.8686670e-02
7.8030585e-03 -6.8678403e-02
7.7924669e-03 -6.8686670e-02
7.7665297e-03 -6.8747335e-02
7.7924669e-03 -6.8686670e-02
7.8030585e-03 -6.8678403e-02
7.7924669e-03 -6.8686670e-02
7.8030585e-03 -6.8678403e-02
7.7924669e-03 -6.8686670e-02
7.7665297e-03 -6.8747335e-02
7.7405927e-03 -6.8808000e-02
7.7665297e-03 -6.8747335e-02
7.7924669e-03 -6.8686670e-02
7.7665297e-03 -6.8747335e-02
7.7924669e-03 -6.8686670e-02
7.7665297e-03 -6.8747335e-02
7.7924669e-03 -6.8686670e-02
7.8030585e-03 -6.8678403e-02
7.8136501e-03 -6.8670137e-02
8.1104642e-03 -6.8621884e-02
8.4072788e-03 -6.8573631e-02
8.4437100e-03 -6.8513672e-02
8.4801415e-03 -6.8453713e-02
8.4437100e-03 -6.8513672e-02
8.4801415e-03 -6.8453713e-02
8.4437100e-03 -6.8513672e-02
8.4072788e-03 -6.8573631e-02
8.4437100e-03 -6.8513672e-02
8.4072788e-03 -6.8573631e-02
8.1104642e-03 -6.8621884e-02
8.4072788e-03 -6.8573631e-02
8.4437100e-03 -6.8513672e-02
8.4801415e-03 -6.8453713e-02
8.4437100e-03 -6.8513672e-02
8.4801415e-03 -6.8453713e-02
8.5061324e-03 -6.8348030e-02
8.4801415e-03 -6.8453713e-02
8.5061324e-03 -6.8348030e-02
8.4802642e-03 -6.8242345e-02
8.5062566e-03 -6.8134543e-02
8.5322492e-03 -6.8026739e-02
8.5062566e-03 -6.8134543e-02
8.4802642e-03 -6.8242345e-02
8.5062566e-03 -6.8134543e-02
8.4802642e-03 -6.8242345e-02
8.4438059e-03 -6.8348030e-02
8.4802642e-03 -6.8242345e-02
8.4438059e-03 -6.8348030e-02
8.4801415e-03 -6.8453713e-02
8.5061324e-03 -6.8348030e-02
8.4801415e-03 -6.8453713e-02
8.5061324e-03 -6.8348030e-02
8.5321236e-03 -6.8242345e-02
8.5326130e-03 -6.8134543e-02
8.5321236e-03 -6.8242345e-02
8.5061324e-03 -6.8348030e-02
8.5321236e-03 -6.8242345e-02
8.5061324e-03 -6.8348030e-02
8.5320002e-03 -6.8453713e-02
8.5060359e-03 -6.8513672e-02
8.4800717e-03 -6.8573631e-02
8.4436473e-03 -6.8621884e-02
8.4072231e-03 -6.8670137e-02
8.3711776e-03 -6.8678403e-02
8.3351322e-03 -6.8686670e-02
8.3711776e-03 -6.8678403e-02
8.3351322e-03 -6.8686670e-02
8.3711776e-03 -6.8678403e-02
8.4072231e-03 -6.8670137e-02
8.3711776e-03 -6.8678403e-02
8.3351322e-03 -6.8686670e-02
8.3711776e-03 -6.8678403e-02
8.4072231e-03 -6.8670137e-02
8.4436473e-03 -6.8621884e-02
8.4800155e-03 -6.8670137e-02
8.4436145e-03 -6.8678403e-02
8.4072135e-03 -6.8686670e-02
8.4436145e-03 -6.8678403e-02
8.4800155e-03 -6.8670137e-02
8.5059727e-03 -6.8621884e-02
8.4800155e-03 -6.8670137e-02
8.5059727e-03 -6.8621884e-02
8.5319300e-03 -6.8573631e-02
8.5059727e-03 -6.8621884e-02
8.4800155e-03 -6.8670137e-02
8.4436145e-03 -6.8678403e-02
8.4072135e-03 -6.8686670e-02
8.4436145e-03 -6.8678403e-02
8.4800155e-03 -6.8670137e-02
8.5059727e-03 -6.8621884e-02
8.5319300e-03 -6.8573631e-02
8.5323917e-03 -6.8513672e-02
8.5328534e-03 -6.8453713e-02
8.5584834e-03 -6.8348030e-02
8.5841137e-03 -6.8242345e-02
8.6754934e-03 -6.8134543e-02
8.7668742e-03 -6.8026739e-02
8.8078723e-03 -6.7970879e-02
8.8488706e-03 -6.7915018e-02
8.9280443e-03 -6.7832870e-02
9.0072187e-03 -6.7750722e-02
9.0353917e-03 -6.7691940e-02
9.0635649e-03 -6.7633157e-02
9.1567840e-03 -6.7556482e-02
9.2500040e-03 -6.7479807e-02
9.2755939e-03 -6.7388648e-02
9.3011840e-03 -6.7297487e-02
9.3722693e-03 -6.7297487e-02
9.3011840e-03 -6.7297487e-02
9.3723229e-03 -6.7212570e-02
9.4434625e-03 -6.7127651e-02
9.4561365e-03 -6.7087821e-02
9.4435130e-03 -6.7047990e-02
9.3724629e-03 -6.6990412e-02
9.4435860e-03 -6.6932834e-02
9.4563695e-03 -6.6720002e-02
9.4691530e-03 -6.6507163e-02
9.5585982e-03 -6.6487228e-02
9.4691781e-03 -6.6467294e-02
9.5586368e-03 -6.6426558e-02
9.6480958e-03 -6.6385822e-02
9.6563676e-03 -6.6277447e-02
9.6646394e-03 -6.6169070e-02
9.6660233e-03 -6.6002398e-02
9.6674070e-03 -6.5835722e-02
9.6694626e-03 -6.5816983e-02
9.6715183e-03 -6.5798245e-02
9.8239838e-03 -6.5750123e-02
9.6715796e-03 -6.5702000e-02
9.8240551e-03 -6.5639831e-02
9.9765314e-03 -6.5577662e-02
1.0103140e-02 -6.5466062e-02
1.0229751e-02 -6.5354460e-02
1.0103214e-02 -6.5354054e-02
1.0229751e-02 -6.5353648e-02
1.0323502e-02 -6.5310228e-02
1.0229809e-02 -6.5266809e-02
1.0103354e-02 -6.5142464e-02
1.0229975e-02 -6.5018117e-02
1.0323843e-02 -6.4803169e-02
1.0417713e-02 -6.4588216e-02
1.0420851e-02 -6.4547434e-02
1.0417713e-02 -6.4588216e-02
1.0324014e-02 -6.4547434e-02
1.0230261e-02 -6.4588216e-02
1.0103577e-02 -6.4803169e-02
1.0230261e-02 -6.4588216e-02
1.0324014e-02 -6.4547434e-02
1.0230315e-02 -6.4506651e-02
1.0103745e-02 -6.4547434e-02
9.9772273e-03 -6.4506651e-02
9.9648765e-03 -6.4445933e-02
9.9524475e-03 -6.4506651e-02
9.8123647e-03 -6.4547434e-02
9.6723333e-03 -6.4506651e-02
9.8124290e-03 -6.4445933e-02
9.9525255e-03 -6.4385215e-02
9.9649172e-03 -6.4382493e-02
9.9525289e-03 -6.4379771e-02
9.9649587e-03 -6.4317912e-02
9.9526082e-03 -6.4256052e-02
9.9650331e-03 -6.4201842e-02
9.9774580e-03 -6.4147632e-02
9.9651257e-03 -6.4057132e-02
9.9527932e-03 -6.3966631e-02
9.9652541e-03 -6.3855985e-02
9.9777151e-03 -6.3745337e-02
1.0104275e-02 -6.3730718e-02
9.9777337e-03 -6.3716099e-02
1.0104299e-02 -6.3692734e-02
1.0230864e-02 -6.3669369e-02
1.0104320e-02 -6.3659768e-02
1.0230877e-02 -6.3650168e-02
1.0324609e-02 -6.3650168e-02
1.0418340e-02 -6.3650168e-02
1.0324609e-02 -6.3650168e-02
1.0418340e-02 -6.3650168e-02
1.0421590e-02 -6.3440931e-02
1.0424840e-02 -6.3231689e-02
1.0434079e-02 -6.3217564e-02
1.0424859e-02 -6.3203439e-02
1.0421767e-02 -6.3172725e-02
1.0424899e-02 -6.3142012e-02
1.0421806e-02 -6.3114419e-02
1.0424935e-02 -6.3086825e-02
1.0434174e-02 -6.3074100e-02
1.0443413e-02 -6.3061375e-02
1.0580935e-02 -6.3037223e-02
1.0718458e-02 -6.3013071e-02
1.0790827e-02 -6.2944538e-02
1.0718458e-02 -6.3013071e-02
1.0790827e-02 -6.2944538e-02
1.0863197e-02 -6.2876003e-02
1.0893457e-02 -6.2844595e-02
1.0863197e-02 -6.2876003e-02
1.0790895e-02 -6.2844595e-02
1.0863240e-02 -6.2813187e-02
1.0893497e-02 -6.2786360e-02
1.0863240e-02 -6.2813187e-02
1.0790935e-02 -6.2786360e-02
1.0718593e-02 -6.2813187e-02
1.0790935e-02 -6.2786360e-02
1.0863277e-02 -6.2759532e-02
1.0790935e-02 -6.2786360e-02
1.0718593e-02 -6.2813187e-02
1.0790935e-02 -6.2786360e-02
1.0863277e-02 -6.2759532e-02
1.0893605e-02 -6.2628001e-02
1.0923934e-02 -6.2496469e-02
1.0987809e-02 -6.2372806e-02
1.1051685e-02 -6.2249141e-02
1.0987809e-02 -6.2372806e-02
1.0923934e-02 -6.2496469e-02
1.0987809e-02 -6.2372806e-02
1.0923934e-02 -6.2496469e-02
1.0893605e-02 -6.2628001e-02
1.0863277e-02 -6.2759532e-02
1.0790935e-02 -6.2786360e-02
1.0718593e-02 -6.2813187e-02
1.0581064e-02 -6.2844595e-02
1.0443535e-02 -6.2876003e-02
1.0434259e-02 -6.2944538e-02
1.0424984e-02 -6.3013071e-02
1.0434259e-02 -6.2944538e-02
1.0424984e-02 -6.3013071e-02
1.0421857e-02 -6.3037223e-02
1.0418729e-02 -6.3061375e-02
1.0421857e-02 -6.3037223e-02
1.0418729e-02 -6.3061375e-02
1.0324986e-02 -6.3074100e-02
1.0418729e-02 -6.3061375e-02
1.0421857e-02 -6.3037223e-02
1.0424984e-02 -6.3013071e-02
1.0434259e-02 -6.2944538e-02
1.0424984e-02 -6.3013071e-02
1.0434259e-02 -6.2944538e-02
1.0443535e-02 -6.2876003e-02
1.0581064e-02 -6.2844595e-02
1.0443535e-02 -6.2876003e-02
1.0581064e-02 -6.2844595e-02
1.0443535e-02 -6.2876003e-02
1.0434259e-02 -6.2944538e-02
1.0424984e-02 -6.3013071e-02
1.0434259e-02 -6.2944538e-02
1.0443535e-02 -6.2876003e-02
1.0434259e-02 -6.2944538e-02
1.0443535e-02 -6.2876003e-02
1.0581064e-02 -6.2844595e-02
1.0718593e-02 -6.2813187e-02
1.0790935e-02 -6.2786360e-02
1.0863277e-02 -6.2759532e-02
1.0893605e-02 -6.2628001e-02
1.0923934e-02 -6.2496469e-02
1.0987809e-02 -6.2372806e-02
1.1051685e-02 -6.2249141e-02
1.1161953e-02 -6.2246014e-02
1.1272221e-02 -6.2242886e-02
1.1482821e-02 -6.2189210e-02
1.1693421e-02 -6.2135534e-02
1.1693530e-02 -6.1986028e-02
1.1693638e-02 -6.1836520e-02
1.1780419e-02 -6.1729831e-02
1.1867201e-02 -6.1623140e-02
1.1890930e-02 -6.1432573e-02
1.1914659e-02 -6.1242002e-02
1.1890930e-02 -6.1432573e-02
1.1914659e-02 -6.1242002e-02
1.1890930e-02 -6.1432573e-02
1.1867320e-02 -6.1460956e-02
1.1780556e-02 -6.1542048e-02
1.1867320e-02 -6.1460956e-02
1.1890989e-02 -6.1351480e-02
1.1867320e-02 -6.1460956e-02
1.1780694e-02 -6.1351480e-02
1.1694066e-02 -6.1242002e-02
1.1693988e-02 -6.1351480e-02
1.1693909e-02 -6.1460956e-02
1.1483416e-02 -6.1351480e-02
1.1272767e-02 -6.1460956e-02
1.1162440e-02 -6.1542048e-02
1.1052114e-02 -6.1623140e-02
1.0988375e-02 -6.1542048e-02
1.0924527e-02 -6.1623140e-02
1.0894341e-02 -6.1542048e-02
1.0864045e-02 -6.1623140e-02
1.0791645e-02 -6.1729831e-02
1.0864045e-02 -6.1623140e-02
1.0791770e-02 -6.1542048e-02
1.0719388e-02 -6.1623140e-02
1.0581922e-02 -6.1542048e-02
1.0444455e-02 -6.1460956e-02
1.0435294e-02 -6.1351480e-02
1.0426133e-02 -6.1242002e-02
1.0423032e-02 -6.1223893e-02
1.0419932e-02 -6.1205783e-02
1.0326293e-02 -6.1036864e-02
1.0232651e-02 -6.0867942e-02
1.0106097e-02 -6.0837988e-02
9.9795426e-03 -6.0808034e-02
9.9671817e-03 -6.0755524e-02
9.9548206e-03 -6.0703013e-02
9.9076070e-03 -6.0755524e-02
9.8604566e-03 -6.0703013e-02
9.7675851e-03 -6.0640791e-02
9.6746397e-03 -6.0703013e-02
9.7675851e-03 -6.0640791e-02
9.6746397e-03 -6.0703013e-02
9.6725644e-03 -6.0755524e-02
9.6705509e-03 -6.0703013e-02
9.6692423e-03 -6.0755524e-02
9.6679337e-03 -6.0808034e-02
9.6597109e-03 -6.0837988e-02
9.6515233e-03 -6.0808034e-02
9.5620890e-03 -6.0755524e-02
9.4726539e-03 -6.0703013e-02
9.4599698e-03 -6.0755524e-02
9.4472858e-03 -6.0808034e-02
9.3762010e-03 -6.0755524e-02
9.3051156e-03 -6.0703013e-02
9.2796067e-03 -6.0640791e-02
9.2540977e-03 -6.0578568e-02
9.1787839e-03 -6.0640791e-02
9.1035393e-03 -6.0578568e-02
9.0855704e-03 -6.0640791e-02
9.1035393e-03 -6.0578568e-02
9.1788523e-03 -6.0517788e-02
9.1036063e-03 -6.0457008e-02
9.1790732e-03 -6.0119281e-02
9.2545421e-03 -5.9781541e-02
9.2801355e-03 -5.9694813e-02
9.3057292e-03 -5.9608084e-02
9.3768741e-03 -5.9563585e-02
9.4480193e-03 -5.9519085e-02
9.3768741e-03 -5.9563585e-02
9.4480193e-03 -5.9519085e-02
9.4607439e-03 -5.9395120e-02
9.4734685e-03 -5.9271154e-02
9.5629418e-03 -5.9271154e-02
9.6524149e-03 -5.9271154e-02
9.6606483e-03 -5.9223342e-02
9.6688816e-03 -5.9175530e-02
9.6701891e-03 -5.9123791e-02
9.6714966e-03 -5.9072052e-02
9.6735737e-03 -5.9015165e-02
9.6714966e-03 -5.9072052e-02
9.6701891e-03 -5.9123791e-02
9.6688816e-03 -5.9175530e-02
9.6606483e-03 -5.9223342e-02
9.6688816e-03 -5.9175530e-02
9.6606483e-03 -5.9223342e-02
9.6688268e-03 -5.9271154e-02
9.6606209e-03 -5.9271154e-02
9.6524149e-03 -5.9271154e-02
9.5628714e-03 -5.9395120e-02
9.4733289e-03 -5.9519085e-02
9.4606490e-03 -5.9563585e-02
9.4733289e-03 -5.9519085e-02
9.4606490e-03 -5.9563585e-02
9.4479692e-03 -5.9608084e-02
9.3768741e-03 -5.9563585e-02
9.3057292e-03 -5.9608084e-02
9.2801355e-03 -5.9694813e-02
9.2545421e-03 -5.9781541e-02
9.1790732e-03 -6.0119281e-02
9.1036063e-03 -6.0457008e-02
9.0856382e-03 -6.0517788e-02
9.0676701e-03 -6.0578568e-02
9.0394861e-03 -6.0640791e-02
9.0113022e-03 -6.0703013e-02
8.9321417e-03 -6.0703013e-02
9.0113022e-03 -6.0703013e-02
9.0394861e-03 -6.0640791e-02
9.0676701e-03 -6.0578568e-02
9.0856382e-03 -6.0517788e-02
9.0676701e-03 -6.0578568e-02
9.0856382e-03 -6.0517788e-02
9.1036063e-03 -6.0457008e-02
9.1790732e-03 -6.0119281e-02
9.2545421e-03 -5.9781541e-02
9.2801355e-03 -5.9694813e-02
9.3057292e-03 -5.9608084e-02
9.2801355e-03 -5.9694813e-02
9.2545421e-03 -5.9781541e-02
9.2801355e-03 -5.9694813e-02
9.3057292e-03 -5.9608084e-02
9.3768741e-03 -5.9563585e-02
9.3057292e-03 -5.9608084e-02
9.2801355e-03 -5.9694813e-02
9.2545421e-03 -5.9781541e-02
9.1790732e-03 -6.0119281e-02
9.1036063e-03 -6.0457008e-02
9.0856382e-03 -6.0517788e-02
9.0676701e-03 -6.0578568e-02
9.0395535e-03 -6.0517788e-02
9.0114366e-03 -6.0457008e-02
8.9324571e-03 -6.0119281e-02
9.0118030e-03 -5.9781541e-02
8.9324571e-03 -6.0119281e-02
8.8531132e-03 -6.0457008e-02
8.8120963e-03 -6.0517788e-02
8.7711442e-03 -6.0457008e-02
8.6797507e-03 -6.0517788e-02
8.7711442e-03 -6.0457008e-02
8.6797507e-03 -6.0517788e-02
8.5883578e-03 -6.0578568e-02
8.5642831e-03 -6.0640791e-02
8.5402085e-03 -6.0703013e-02
8.5642831e-03 -6.0640791e-02
8.5402085e-03 -6.0703013e-02
8.5386698e-03 -6.0703013e-02
8.5371311e-03 -6.0703013e-02
8.5371039e-03 -6.0755524e-02
8.5370766e-03 -6.0808034e-02
8.5385997e-03 -6.0837988e-02
8.5370454e-03 -6.0867942e-02
8.5369574e-03 -6.1036864e-02
8.5368692e-03 -6.1205783e-02
8.5364329e-03 -6.1223893e-02
8.5359967e-03 -6.1242002e-02
8.5099980e-03 -6.1351480e-02
8.4839996e-03 -6.1460956e-02
8.4475441e-03 -6.1542048e-02
8.4110889e-03 -6.1623140e-02
8.3750302e-03 -6.1626063e-02
8.3389714e-03 -6.1628986e-02
8.3060535e-03 -6.1732754e-02
8.2731359e-03 -6.1836520e-02
8.2084793e-03 -6.1986028e-02
8.1438237e-03 -6.2135534e-02
8.0967153e-03 -6.2189210e-02
8.0496073e-03 -6.2242886e-02
7.9332735e-03 -6.2246014e-02
8.0496073e-03 -6.2242886e-02
7.9332735e-03 -6.2246014e-02
7.8169395e-03 -6.2249141e-02
7.8063266e-03 -6.2292927e-02
7.7957137e-03 -6.2336713e-02
7.7817545e-03 -6.2416591e-02
7.7677954e-03 -6.2496469e-02
7.7557973e-03 -6.2502763e-02
7.7437992e-03 -6.2509058e-02
7.7042969e-03 -6.2634296e-02
7.7437992e-03 -6.2509058e-02
7.7043604e-03 -6.2502763e-02
7.7438053e-03 -6.2496469e-02
7.7043604e-03 -6.2502763e-02
7.7438053e-03 -6.2496469e-02
7.7558391e-03 -6.2416591e-02
7.7678730e-03 -6.2336713e-02
7.7558391e-03 -6.2416591e-02
7.7438053e-03 -6.2496469e-02
7.7043604e-03 -6.2502763e-02
7.7437992e-03 -6.2509058e-02
7.7557973e-03 -6.2502763e-02
7.7437992e-03 -6.2509058e-02
7.7043604e-03 -6.2502763e-02
7.6649155e-03 -6.2509058e-02
7.5635385e-03 -6.2630665e-02
7.4621628e-03 -6.2752270e-02
7.5635385e-03 -6.2630665e-02
7.4621628e-03 -6.2752270e-02
7.4516711e-03 -6.2755901e-02
7.4411794e-03 -6.2759532e-02
7.4516711e-03 -6.2755901e-02
7.4411794e-03 -6.2759532e-02
7.4112704e-03 -6.2786360e-02
7.4411543e-03 -6.2813187e-02
7.4516569e-03 -6.2786360e-02
7.4621594e-03 -6.2759532e-02
7.5634791e-03 -6.2755901e-02
7.6647986e-03 -6.2752270e-02
7.7042987e-03 -6.2630665e-02
7.6647986e-03 -6.2752270e-02
7.5634791e-03 -6.2755901e-02
7.4621594e-03 -6.2759532e-02
7.5634646e-03 -6.2786360e-02
7.6647951e-03 -6.2759532e-02
7.5634646e-03 -6.2786360e-02
7.6647951e-03 -6.2759532e-02
7.7042381e-03 -6.2755901e-02
7.6647951e-03 -6.2759532e-02
7.5634646e-03 -6.2786360e-02
7.6647951e-03 -6.2759532e-02
7.7042381e-03 -6.2755901e-02
7.7436775e-03 -6.2759532e-02
7.7042233e-03 -6.2786360e-02
7.6647692e-03 -6.2813187e-02
7.7042233e-03 -6.2786360e-02
7.6647692e-03 -6.2813187e-02
7.5893407e-03 -6.2835970e-02
7.5139124e-03 -6.2858753e-02
7.4880085e-03 -6.2867378e-02
7.5139124e-03 -6.2858753e-02
7.4880085e-03 -6.2867378e-02
7.4621048e-03 -6.2876003e-02
7.4515827e-03 -6.2944538e-02
7.4621048e-03 -6.2876003e-02
7.4515827e-03 -6.2944538e-02
7.4620403e-03 -6.3013071e-02
7.4515391e-03 -6.3037223e-02
7.4410380e-03 -6.3061375e-02
7.4111361e-03 -6.3074100e-02
7.3812342e-03 -6.3086825e-02
7.4111361e-03 -6.3074100e-02
7.3812342e-03 -6.3086825e-02
7.4111172e-03 -6.3114419e-02
7.3812085e-03 -6.3142012e-02
7.4111172e-03 -6.3114419e-02
7.3812085e-03 -6.3142012e-02
7.3705234e-03 -6.3172725e-02
7.3598383e-03 -6.3203439e-02
7.3339633e-03 -6.3217564e-02
7.3598383e-03 -6.3203439e-02
7.3339633e-03 -6.3217564e-02
7.3598383e-03 -6.3203439e-02
7.3705234e-03 -6.3172725e-02
7.3598383e-03 -6.3203439e-02
7.3339633e-03 -6.3217564e-02
7.3080884e-03 -6.3231689e-02
7.3080562e-03 -6.3301136e-02
7.3080884e-03 -6.3231689e-02
7.3339245e-03 -6.3301136e-02
7.3080240e-03 -6.3370583e-02
7.3079847e-03 -6.3455347e-02
7.3079453e-03 -6.3540110e-02
7.3079197e-03 -6.3595139e-02
7.3078941e-03 -6.3650168e-02
7.3079197e-03 -6.3595139e-02
7.3078941e-03 -6.3650168e-02
7.3078941e-03 -6.3650168e-02
7.3078941e-03 -6.3650168e-02
7.3337875e-03 -6.3595139e-02
7.3596811e-03 -6.3540110e-02
7.3703913e-03 -6.3455347e-02
7.3811016e-03 -6.3370583e-02
7.3703913e-03 -6.3455347e-02
7.3596811e-03 -6.3540110e-02
7.3703913e-03 -6.3455347e-02
7.3596811e-03 -6.3540110e-02
7.3703913e-03 -6.3455347e-02
7.3811016e-03 -6.3370583e-02
7.3703913e-03 -6.3455347e-02
7.3596811e-03 -6.3540110e-02
7.3703913e-03 -6.3455347e-02
7.3596811e-03 -6.3540110e-02
7.3337875e-03 -6.3595139e-02
7.3596811e-03 -6.3540110e-02
7.3703913e-03 -6.3455347e-02
7.3811016e-03 -6.3370583e-02
7.4110296e-03 -6.3301136e-02
7.4409578e-03 -6.3231689e-02
7.4514542e-03 -6.3217564e-02
7.4619505e-03 -6.3203439e-02
7.4878430e-03 -6.3217564e-02
7.5137489e-03 -6.3203439e-02
7.5891795e-03 -6.3172725e-02
7.6646103e-03 -6.3142012e-02
7.5891795e-03 -6.3172725e-02
7.6646103e-03 -6.3142012e-02
7.7040640e-03 -6.3114419e-02
7.7435179e-03 -6.3086825e-02
7.7555187e-03 -6.3074100e-02
7.7435179e-03 -6.3086825e-02
7.7555187e-03 -6.3074100e-02
7.7675071e-03 -6.3086825e-02
7.7814331e-03 -6.3074100e-02
7.7675196e-03 -6.3061375e-02
7.7814512e-03 -6.3037223e-02
7.7675196e-03 -6.3061375e-02
7.7814512e-03 -6.3037223e-02
7.7953828e-03 -6.3013071e-02
7.8060077e-03 -6.2944538e-02
7.8166326e-03 -6.2876003e-02
7.8495453e-03 -6.2867378e-02
7.8824579e-03 -6.2858753e-02
7.9658888e-03 -6.2835970e-02
8.0493199e-03 -6.2813187e-02
8.0789158e-03 -6.2786360e-02
8.1085118e-03 -6.2759532e-02
8.1259951e-03 -6.2786360e-02
8.1084844e-03 -6.2813187e-02
8.1259698e-03 -6.2835970e-02
8.1084612e-03 -6.2858753e-02
8.1259698e-03 -6.2835970e-02
8.1084612e-03 -6.2858753e-02
8.1259698e-03 -6.2835970e-02
8.1084612e-03 -6.2858753e-02
8.0788746e-03 -6.2867378e-02
8.1084612e-03 -6.2858753e-02
8.1259537e-03 -6.2867378e-02
8.1434551e-03 -6.2858753e-02
8.1259537e-03 -6.2867378e-02
8.1084524e-03 -6.2876003e-02
8.0788746e-03 -6.2867378e-02
8.0492880e-03 -6.2876003e-02
8.0788353e-03 -6.2944538e-02
8.1083823e-03 -6.3013071e-02
8.1259142e-03 -6.2944538e-02
8.1433759e-03 -6.3013071e-02
8.2079872e-03 -6.2944538e-02
8.2725990e-03 -6.2876003e-02
8.2080271e-03 -6.2867378e-02
8.2726080e-03 -6.2858753e-02
8.2963806e-03 -6.2835970e-02
8.2726317e-03 -6.2813187e-02
8.2964065e-03 -6.2786360e-02
8.3201814e-03 -6.2759532e-02
8.3292688e-03 -6.2786360e-02
8.3383562e-03 -6.2813187e-02
8.3292688e-03 -6.2786360e-02
8.3383562e-03 -6.2813187e-02
8.3743988e-03 -6.2835970e-02
8.3743988e-03 -6.2835970e-02
8.3383323e-03 -6.2858753e-02
8.3743823e-03 -6.2867378e-02
8.4104321e-03 -6.2876003e-02
8.4468058e-03 -6.2944538e-02
8.4468058e-03 -6.2944538e-02
8.4831791e-03 -6.3013071e-02
8.5091047e-03 -6.3037223e-02
8.5350303e-03 -6.3061375e-02
8.5350303e-03 -6.3061375e-02
8.5350303e-03 -6.3061375e-02
8.5354502e-03 -6.3074100e-02
8.5358700e-03 -6.3086825e-02
8.5358621e-03 -6.3101547e-02
8.5358542e-03 -6.3116269e-02
8.5365116e-03 -6.3129141e-02
8.5371690e-03 -6.3142012e-02
8.5380265e-03 -6.3172725e-02
8.5388840e-03 -6.3203439e-02
8.5388840e-03 -6.3203439e-02
8.5380265e-03 -6.3172725e-02
8.5388840e-03 -6.3203439e-02
8.5629149e-03 -6.3217564e-02
8.5388688e-03 -6.3231689e-02
8.5629149e-03 -6.3217564e-02
8.5869456e-03 -6.3231689e-02
8.6782534e-03 -6.3301136e-02
8.5868700e-03 -6.3370583e-02
8.5627857e-03 -6.3455347e-02
8.5867775e-03 -6.3540110e-02
8.6780913e-03 -6.3595139e-02
8.7694042e-03 -6.3650168e-02
8.7694042e-03 -6.3650168e-02
8.7694042e-03 -6.3650168e-02
8.7694042e-03 -6.3650168e-02
8.7694042e-03 -6.3650168e-02
8.7694042e-03 -6.3650168e-02
8.7694042e-03 -6.3650168e-02
8.6780555e-03 -6.3659768e-02
8.7694042e-03 -6.3650168e-02
8.7693988e-03 -6.3659768e-02
8.7693935e-03 -6.3669369e-02
8.8103567e-03 -6.3692734e-02
8.7693673e-03 -6.3716099e-02
8.7693592e-03 -6.3730718e-02
8.7693510e-03 -6.3745337e-02
8.7692890e-03 -6.3855985e-02
8.7692269e-03 -6.3966631e-02
8.7691886e-03 -6.4034832e-02
8.7692269e-03 -6.3966631e-02
8.8102649e-03 -6.3855985e-02
8.8511780e-03 -6.3966631e-02
8.9303857e-03 -6.3855985e-02
9.0095943e-03 -6.3745337e-02
9.0310380e-03 -6.3730718e-02
9.0095943e-03 -6.3745337e-02
9.0310380e-03 -6.3730718e-02
9.0096112e-03 -6.3716099e-02
8.9304572e-03 -6.3730718e-02
9.0096112e-03 -6.3716099e-02
9.0310599e-03 -6.3692734e-02
9.0524818e-03 -6.3716099e-02
9.0591837e-03 -6.3728546e-02
9.0659000e-03 -6.3716099e-02
9.0838446e-03 -6.3692734e-02
9.1017893e-03 -6.3669369e-02
9.1075365e-03 -6.3659768e-02
9.1132837e-03 -6.3650168e-02
9.1667861e-03 -6.3650168e-02
9.1132837e-03 -6.3650168e-02
9.1667861e-03 -6.3650168e-02
9.2202884e-03 -6.3650168e-02
9.2363092e-03 -6.3650168e-02
9.2523301e-03 -6.3650168e-02
9.2779018e-03 -6.3595139e-02
9.3034737e-03 -6.3540110e-02
9.3746270e-03 -6.3455347e-02
9.4457810e-03 -6.3370583e-02
9.3746270e-03 -6.3455347e-02
9.4457810e-03 -6.3370583e-02
9.3746270e-03 -6.3455347e-02
9.4457810e-03 -6.3370583e-02
9.3746270e-03 -6.3455347e-02
9.3034737e-03 -6.3540110e-02
9.2779018e-03 -6.3595139e-02
9.3034737e-03 -6.3540110e-02
9.2779018e-03 -6.3595139e-02
9.2523949e-03 -6.3540110e-02
9.2779843e-03 -6.3455347e-02
9.2523949e-03 -6.3540110e-02
9.2779843e-03 -6.3455347e-02
9.2523949e-03 -6.3540110e-02
9.2779843e-03 -6.3455347e-02
9.2523949e-03 -6.3540110e-02
9.2363416e-03 -6.3595139e-02
9.2523949e-03 -6.3540110e-02
9.2363416e-03 -6.3595139e-02
9.2523949e-03 -6.3540110e-02
9.2363416e-03 -6.3595139e-02
9.2523949e-03 -6.3540110e-02
9.2779018e-03 -6.3595139e-02
9.2523301e-03 -6.3650168e-02
9.2779018e-03 -6.3595139e-02
9.2523301e-03 -6.3650168e-02
9.2363092e-03 -6.3650168e-02
9.2202884e-03 -6.3650168e-02
9.1667861e-03 -6.3650168e-02
9.1132837e-03 -6.3650168e-02
9.1667861e-03 -6.3650168e-02
9.1132837e-03 -6.3650168e-02
9.1075365e-03 -6.3659768e-02
9.1017893e-03 -6.3669369e-02
9.0838446e-03 -6.3692734e-02
9.0659000e-03 -6.3716099e-02
9.0591837e-03 -6.3728546e-02
9.0659000e-03 -6.3716099e-02
9.0838239e-03 -6.3728546e-02
9.0658856e-03 -6.3740994e-02
9.0591752e-03 -6.3743165e-02
9.0658856e-03 -6.3740994e-02
9.0838239e-03 -6.3728546e-02
9.0659000e-03 -6.3716099e-02
9.0838446e-03 -6.3692734e-02
9.0659270e-03 -6.3669369e-02
9.0838637e-03 -6.3659768e-02
9.1018004e-03 -6.3650168e-02
9.1075421e-03 -6.3650168e-02
9.1132837e-03 -6.3650168e-02
9.1667861e-03 -6.3650168e-02
9.2202884e-03 -6.3650168e-02
9.2363416e-03 -6.3595139e-02
9.2523949e-03 -6.3540110e-02
9.2779843e-03 -6.3455347e-02
9.3035739e-03 -6.3370583e-02
9.3747188e-03 -6.3301136e-02
9.4458641e-03 -6.3231689e-02
9.4585245e-03 -6.3217564e-02
9.4711848e-03 -6.3203439e-02
9.4745180e-03 -6.3172725e-02
9.4778512e-03 -6.3142012e-02
9.5017587e-03 -6.3129141e-02
9.4778512e-03 -6.3142012e-02
9.5017587e-03 -6.3129141e-02
9.5256662e-03 -6.3116269e-02
9.5879127e-03 -6.3101547e-02
9.6501592e-03 -6.3086825e-02
9.5879127e-03 -6.3101547e-02
9.5256662e-03 -6.3116269e-02
9.5879127e-03 -6.3101547e-02
9.5256662e-03 -6.3116269e-02
9.5017587e-03 -6.3129141e-02
9.4778512e-03 -6.3142012e-02
9.4745180e-03 -6.3172725e-02
9.4711848e-03 -6.3203439e-02
9.4585245e-03 -6.3217564e-02
9.4458641e-03 -6.3231689e-02
9.4458641e-03 -6.3231689e-02
9.4585245e-03 -6.3217564e-02
9.4458641e-03 -6.3231689e-02
9.3747188e-03 -6.3301136e-02
9.3035739e-03 -6.3370583e-02
9.2779843e-03 -6.3455347e-02
9.2523949e-03 -6.3540110e-02
9.2779843e-03 -6.3455347e-02
9.2523949e-03 -6.3540110e-02
9.2779843e-03 -6.3455347e-02
9.3035739e-03 -6.3370583e-02
9.3747188e-03 -6.3301136e-02
9.4458641e-03 -6.3231689e-02
9.4585245e-03 -6.3217564e-02
9.4711848e-03 -6.3203439e-02
9.4745180e-03 -6.3172725e-02
9.4778512e-03 -6.3142012e-02
9.5017587e-03 -6.3129141e-02
9.5256662e-03 -6.3116269e-02
9.5879127e-03 -6.3101547e-02
9.6501592e-03 -6.3086825e-02
9.6583711e-03 -6.3074100e-02
9.6665829e-03 -6.3061375e-02
9.6678752e-03 -6.3037223e-02
9.6691675e-03 -6.3013071e-02
9.6712533e-03 -6.2944538e-02
9.6733392e-03 -6.2876003e-02
9.7057869e-03 -6.2867378e-02
9.7382346e-03 -6.2858753e-02
9.7987023e-03 -6.2835970e-02
9.8591701e-03 -6.2813187e-02
9.8797468e-03 -6.2786360e-02
